-5509895401.883438
-316814766.615894
18906.000000
-18959784491092269906530402304.000000
1168434063.664055
-143862325181487.500000
2788323157.035985
60957.823426
-452478444582504.000000
153455.127597
141756.191579
71643879337416344993792.000000
-154321.966047
376623241147035.250000
12072.366459
6396694037.634890
115327.314409
-1271652978129425930387456.000000
8209871558817689600.000000
1440936479348044670697472.000000
63502.000004
-1978289912718596096.000000
-51544514614149060231168.000000
-14065353287064573307697233920.000000
377691506823902369589644469731328.000000
4528563941.001467
2342727167.272132
3560776165569082695876608.000000
1138328406.420360
2401086393.629399
-79211.145818
9700.096541
-2295705489981764352.000000
46059286508628598784.000000
-166798.864761
-82937.473135
358748111316599.937500
-629517215847398094676627793379328.000000
1725297212.371761
-63933.871006
-54774192414378352967680.000000
7878827995.960037
-316454492663454.187500
-40029255652440528650240.000000
37108155048236.851562
82979419982183.515625
1497743541.063826
32575519959995452.000000
-475697822.371584
34662760271580168.000000
2548940947.000000
35812.350468
7830065120.111352
-6488872.496690
342687.145826
-760600941022406.375000
6004674745762678784.000000
-2542989483.955055
3759020479.096354
-27304.687537
-10673206114443.000000
120538.980216
124660.519161
28513028952768.535156
-6396199236.077685
-1343401034.826741
103415.300234
-188874131285434.968750
9028560870372773501861888.000000
2817360762.050723
5751200744.004027
-289689537529784.187500
1352308080.668433
40142.525494
238931061.226199
15101275694211247072899760128.000000
-5243091158.000002
-794426.448516
42533618671646.539062
61838.000000
-7669912161107971145728.000000
1704143672.968846
43084384067921.000000
20967.228335
1450986477571978.250000
-5746257043.459175
11103.246661
-37239.000000
6789294817026.458008
3166704049.831994
-27351368444039283065579634688.000000
903956284292103342653440.000000
32279.000011
-22669.000000
-366220795.410051
3110259335.351768
80021.000000
-12185621160.625380
-551247015836589.750000
1601415785518109567006877417472.000000
