27 24 2895
34192
42 29 385
20033
68 35 83
23170
39 63 1234
20950
9 50 351
28526
44 43 665
-6018
35 30 3150
47736
52 32 209
12651
4 54 321
-35756
34 20 1237
38713
57 11 395
-34720
42 61 2251
36237
22 34 343
-26249
19 46 828
-7918
20 61 417
-10290
2 25 1346
25495
52 24 67
-42978
13 29 11
11566
60 15 71
-20627
24 6 2908
35244
65 58 130
-38441
69 52 955
42614
34 55 340
-8102
15 63 884
49275
42 41 31
-48220
37 60 184
-3644
2 3 2003
12739
23 69 135
-31691
58 27 321
-27232
61 61 1799
28159
29 62 2482
7780
36 45 4038
47454
50 17 1
-48634
68 58 97
-45849
50 53 36
-6302
29 58 23
34775
65 69 1270
12912
22 25 57
-30546
20 26 23
-48932
10 54 54
-20103
59 18 63
-36348
50 60 243
39591
7 22 7
-14039
57 68 1952
27075
29 44 250
-36477
2 8 216
46898
33 31 45
-13943
45 29 337
-1548
19 5 627
24956
54 24 954
23786
46 5 260
-828
14 17 1380
16723
34 49 474
-12197
54 6 84
-24727
47 51 849
-3425
49 5 417
30729
13 33 21
47577
25 65 2328
12762
59 11 3455
33165
8 32 1520
23698
7 69 1734
22138
2 11 664
7908
22 23 221
-43102
47 15 23
-25695
10 16 1015
-13943
35 69 383
-32327
3 1 289
-30159
20 49 660
39415
34 45 3360
40485
35 19 187
-42911
52 55 507
-38263
59 33 315
-30905
67 12 287
15152
16 22 347
-31812
11 45 276
-31097
47 61 27
-41443
46 48 520
-28190
42 16 65
-46649
30 61 6
-49718
56 10 1320
-16954
60 32 304
16838
12 69 763
-8649
21 28 219
-31681
2 38 1983
11288
26 45 153
-13964
59 62 1
-24580
6 22 1144
22639
49 50 125
-42796
34 7 20
-43667
56 16 685
-7373
54 27 172
-31701
31 4 1013
-9943
14 28 181
-30016
64 31 884
-17322
30 43 695
-29943
29 37 891
32481
64 33 760
30803
17 28 446
-26023
10 18 1721
41168
55 51 2267
21670
26 55 3454
49873
21 54 231
-10375
66 39 607
19948
38 58 20
45190
48 67 49
-47574
14 20 138
-10290
49 12 78
-27849
38 58 216
-37550
60 37 1132
20872
6 37 751
22828
10 16 93
-8484
37 19 16
-40637
4 17 5
-17448
21 34 82
-1137
39 17 672
25240
7 63 711
23794
25 30 4
29488
12 63 224
19637
22 1 200
-42223
9 16 195
5404
61 47 233
5947
66 52 805
17570
58 42 92
-13655
38 10 16
-17568
14 60 605
31175
14 65 204
-6712
3 68 135
47577
38 2 52
-2984
62 21 1552
49096
9 46 1376
37359
1 2 264
23372
55 6 2395
41573
45 68 122
26182
55 38 2466
23150
34 4 64
-38263
61 23 79
29432
22 20 638
41028
38 13 1581
9762
67 14 113
21810
40 69 62
-40633
34 1 625
-2366
60 27 496
1278
16 49 123
-11211
51 36 18
-19870
50 63 1711
31116
41 49 466
171
40 19 251
44661
68 47 292
37755
45 32 210
-40426
39 3 1487
48930
59 7 1844
14575
48 27 41
-36882
50 38 335
-32379
6 11 819
46250
62 45 855
-818
37 39 728
30803
50 48 813
-5074
22 8 802
33182
62 9 3159
38041
42 23 276
8830
39 69 497
-24000
45 40 1057
44103
56 60 1157
6380
19 33 78
-21015
6 19 11
33437
12 51 7
-31145
55 28 1309
20548
45 15 1048
-7918
58 46 254
-37588
44 7 880
44631
70 22 119
-39656
55 26 249
48840
59 30 1026
-10781
15 49 2218
41738
33 50 1256
34251
44 44 896
251
8 24 177
-27174
12 64 191
17653
27 1 355
-19359
27 36 288
2769
28 11 127
-39782
34 70 39
-21706
39 1 841
46578
49 66 1146
-7918
42 41 56
-26096
41 20 126
12027
70 8 144
14607
20 45 143
37652
2 13 219
12652
35 62 21
34228
40 62 4088
45220
66 51 878
2931
56 51 287
-32153
54 6 91
49275
39 58 657
-324
69 61 231
-19298
48 41 469
-36050
57 35 348
-2135
43 54 249
380
43 27 35
6742
45 4 964
-150
56 30 955
49991
14 51 1454
-8496
62 54 972
19873
59 47 1110
2769
7 8 40
3682
25 41 371
-24441
9 45 18
-46521
36 68 467
5243
8 24 493
19978
46 8 271
9469
23 19 1014
6953
35 47 201
-35882
37 42 2075
34523
67 27 98
-43356
27 19 20
-18706
56 16 965
3553
30 12 635
4244
18 44 85
-21260
68 19 30
-34348
9 51 464
21503
43 13 442
-7771
67 57 50
33437
33 56 722
-12608
33 22 1558
39714
27 13 176
-12250
32 38 322
-30185
33 24 50
32966
1 10 422
-34501
69 20 33
-17277
4 49 1687
5003
13 63 1080
47889
48 23 483
-24998
24 30 166
6580
6 63 863
33320
32 68 12
-42685
28 48 1057
-7164
36 10 35
-21173
3 64 545
-25442
22 17 155
25707
10 30 1184
-1695
69 16 376
35890
63 8 942
32063
60 70 1241
42025
70 1 175
1932
4 19 3
-26100
16 32 1046
-17716
36 19 589
-19915
62 55 619
32472
59 13 250
-34381
18 30 2149
8521
34 41 324
38220
38 22 37
-22494
30 15 388
19993
10 62 1885
47325
40 61 993
-5998
56 23 494
-2662
52 21 1298
2223
54 70 12
19032
32 23 151
26658
4 55 152
-40050
56 50 1277
-2884
44 25 303
-1261
52 49 29
-46762
63 13 535
6416
25 29 3
27951
57 47 345
-33507
68 11 1689
-11618
45 40 342
48751
11 8 372
29494
23 30 4
9955
48 69 725
-2077
24 54 97
-46722
2 39 327
11205
66 20 811
-27382
4 68 443
9684
14 31 2590
49549
70 10 35
-5474
70 43 48
-5809
17 54 86
-46762
26 21 1447
3078
25 2 333
-36317
70 50 48
47169
8 67 240
-27663
17 22 99
-40452
69 64 744
16838
62 48 510
-37048
38 46 42
-22349
37 56 12
-468
37 66 882
26556
58 63 276
-10316
49 37 1556
39356
35 49 843
-27343
53 70 557
1957
48 32 1602
-11803
25 54 173
19078
58 16 135
28315
43 2 125
-25428
61 64 323
26526
56 60 16
-39819
68 43 421
-27464
58 26 193
-4788
32 19 692
-29072
18 49 85
-39693
18 36 155
23962
27 21 113
8687
3 59 305
-29979
35 24 383
-15048
23 26 2
-15394
16 49 2673
30111
30 40 1057
-14678
59 51 88
-17127
55 45 3521
41738
20 57 492
-8663
23 56 280
-13064
17 42 441
19429
57 69 1640
24201
55 59 982
-13575
24 11 310
-7400
37 65 93
40650
62 35 41
-17127
44 43 23
-49141
58 13 11
-45307
31 35 507
8857
67 27 56
-14241
13 4 73
-43263
9 43 1729
33518
21 27 1
-25824
69 55 995
21687
67 1 4
2610
16 55 159
15722
11 65 52
-2793
50 60 146
45912
64 54 115
7908
17 46 9
-49676
11 50 2896
31459
61 33 1419
39072
13 70 143
5092
31 54 1055
21810
68 47 760
189
62 69 693
47796
30 16 2182
44881
37 22 2421
32614
23 31 693
12023
18 9 20
-33611
62 45 92
-44116
45 11 439
17477
68 27 612
-32752
10 49 390
34963
4 70 508
-11134
42 4 16
310
56 66 1
-43010
22 53 340
-35454
43 9 193
-2135
41 25 33
10050
36 36 55
35679
46 50 1383
44231
17 59 12
-21881
26 49 663
9446
4 49 214
14511
27 36 109
-16941
9 3 816
23536
18 52 252
30803
43 36 1112
-25786
25 29 977
48694
25 1 48
-10122
41 62 1120
-8812
52 26 505
26542
20 48 13
-44087
69 65 242
10361
47 28 324
20386
26 7 3
-43010
34 43 299
33518
42 65 3216
47032
56 3 289
17236
13 55 466
6517
25 7 1172
34127
60 15 44
-42820
58 60 586
33008
16 66 16
-40371
8 17 10
33320
64 18 9
-43875
37 45 122
-28642
57 5 299
30960
15 39 1174
4648
45 49 30
-45462
48 8 369
-23874
28 31 199
-32352
42 64 1197
-7918
35 22 252
13941
38 26 1083
23873
6 6 1548
41416
5 18 111
-44014
1 61 20
-23902
38 41 3
22443
6 13 20
-31191
4 20 1351
12729
36 70 133
-45804
38 45 6
42579
54 42 286
-29735
62 43 131
-44606
54 8 598
-35281
21 15 483
-32218
24 58 21
-34416
43 63 55
-47254
60 32 1616
6525
57 40 1521
16364
10 18 1920
32264
27 40 50
-1062
19 60 1496
48786
25 10 188
43735
14 69 1086
11076
1 20 3646
47618
7 36 30
42190
66 57 1452
-17298
3 20 141
36631
43 22 704
-507
26 48 694
-3298
27 25 12
-27849
16 49 2072
35852
52 3 384
-14491
54 17 142
-31421
4 39 360
-37140
66 11 186
-21512
12 68 529
10607
39 45 6
922
26 25 542
-23852
68 37 26
16913
65 23 1298
10713
37 21 708
43540
57 48 27
-48220
33 14 204
-37048
18 28 285
-27719
6 1 1518
48351
70 10 525
32668
44 17 449
-30866
11 20 259
37726
40 27 66
-21571
57 69 148
15560
41 13 704
13475
20 44 197
9109
7 28 1594
-12583
30 27 3242
24757
70 69 466
-19946
3 19 1032
23202
64 63 160
-17515
16 14 282
1266
4 64 216
-27592
25 6 206
-41616
18 34 11
30316
56 67 1609
34651
68 22 22
-48047
62 37 152
-15916
28 12 1219
27622
47 59 281
-9722
9 23 79
-32817
19 41 953
28422
19 34 196
-23915
67 12 280
-40789
51 55 45
-41555
59 46 223
39397
18 33 566
30189
45 63 1234
36750
19 53 233
43506
43 34 798
21991
42 24 268
28774
58 55 477
-35488
12 35 20
35379
54 69 581
5879
70 45 15
-40296
2 12 965
35356
13 68 1162
6461
55 63 248
-31691
32 19 582
-33635
14 66 247
-2787
17 48 2166
42250
3 47 1728
39429
52 63 199
36129
8 2 29
-42776
47 15 513
5357
42 36 152
25056
23 38 948
-6387
16 68 1581
44719
62 3 76
-2
58 35 149
-42685
5 22 575
49415
10 4 1664
49275
22 9 213
27124
11 14 7
-49024
68 46 66
-537
43 65 34
-40223
66 18 213
18571
45 54 374
-36730
29 63 5
-49456
20 43 64
-36336
62 6 66
-11234
63 41 31
18534
27 53 64
-36336
57 57 446
42218
40 12 778
10718
30 5 677
7347
41 3 1273
31116
20 44 660
-25104
6 50 2684
10569
7 52 176
18515
31 52 280
-5213
32 22 352
40015
45 67 1524
5660
48 19 498
-19911
51 3 1360
13475
19 21 3
24356
43 12 131
-22629
21 38 475
-7758
21 1 1717
11121
22 25 406
23952
31 39 173
-809
59 44 949
35712
52 61 536
16072
34 42 374
-32576
68 66 36
8687
25 61 430
12398
5 64 461
-22799
55 29 244
-12746
1 53 323
47166
49 5 2278
4139
32 33 1512
29618
53 32 27
7716
22 15 2320
13284
67 33 205
-7546
45 21 346
-19057
60 7 16
-45212
3 29 424
-24747
25 15 11
-48712
45 44 239
20033
42 51 17
-46405
8 44 272
-1635
49 37 230
-22713
1 57 3
-46938
55 2 182
-14416
2 14 2962
19032
65 54 52
30822
68 68 516
16625
5 9 4
-48476
16 51 1150
37755
59 70 56
16264
37 40 504
12446
68 60 468
47120
55 8 157
-13663
34 35 143
-35810
31 28 1093
41332
56 57 201
19555
26 68 26
-48917
13 49 359
42614
16 38 14
21670
38 8 23
-45804
2 40 449
32481
40 51 117
-23299
39 17 19
-46277
34 41 2607
13209
12 30 112
-22713
11 29 915
35227
2 24 129
-34028
67 8 1326
15152
28 32 45
6742
20 3 1524
13599
60 12 234
-36603
64 1 644
-16475
67 28 1303
17529
6 12 579
-37611
39 19 94
-39440
3 45 437
44661
29 31 973
10538
65 65 2770
17634
12 53 1002
-18296
52 25 259
-42795
45 38 629
-10516
26 20 34
-41616
20 56 145
-6464
45 70 229
-20544
4 54 843
9833
17 58 707
44966
2 39 108
49667
27 40 456
-3425
68 9 46
-27735
5 58 2367
12398
14 57 708
-10516
16 33 604
-3425
6 21 107
-29108
69 25 134
-22542
39 19 711
17980
23 42 852
-7098
57 59 1080
22188
66 19 189
1752
44 35 920
-8918
3 68 135
47408
11 25 60
-14039
20 58 117
-29988
36 57 126
21253
53 17 462
20677
15 13 236
-15684
21 53 60
-46722
27 53 301
-19759
46 14 1185
-5208
42 19 696
-4183
56 28 748
-5919
17 61 45
-46691
50 67 1028
35890
33 36 182
-32039
18 17 65
-23780
16 32 5
-35559
62 62 247
42187
58 29 30
-43599
61 25 697
21917
27 27 1
47319
54 47 861
-819
58 63 1807
23093
30 64 607
31936
13 31 17
43119
1 63 712
-14704
42 29 556
41051
44 44 940
-7934
60 59 1296
42701
56 13 43
-47457
1 28 1064
-17298
66 6 1049
5118
7 9 3
33437
13 60 23
-41049
26 40 819
18075
38 49 813
45432
2 6 29
-11207
57 14 98
13941
36 7 8
-27868
56 22 737
16072
45 7 277
38593
13 7 1254
27477
32 47 311
-40789
29 30 2
38945
1 5 166
26153
39 9 1444
27951
33 35 1164
36832
39 6 92
-22805
44 12 90
-44596
53 24 1154
44459
38 61 940
-3957
25 16 1293
47964
7 48 194
-33115
7 37 79
-28243
32 45 1942
36115
1 64 194
43226
58 52 11
-48964
51 64 1327
48781
12 58 2001
12027
41 15 1668
2884
25 33 1551
-15032
61 62 52
-12595
33 5 1188
3749
22 63 123
18001
41 24 1505
48694
56 39 381
-29700
63 1 1287
6461
14 45 150
-44600
44 60 153
19746
53 24 655
40053
66 51 405
-12647
30 53 40
-46479
10 15 224
-35009
1 46 68
-45066
33 50 295
49082
14 3 332
17608
5 22 1276
49940
59 60 209
-5324
57 23 33
35994
34 64 1100
-26272
7 30 229
48555
48 16 1013
20968
18 12 271
-26240
27 48 63
-28271
10 9 25
-45322
32 32 2008
29709
23 58 540
-27905
20 27 117
30169
54 7 286
3118
2 25 1172
33004
11 19 480
45295
70 33 171
-36831
53 41 1217
4585
15 9 25
-11435
57 10 248
-2402
27 7 1314
15166
57 68 589
-26883
54 27 883
49979
65 4 343
20758
33 67 356
-2203
51 22 1060
251
1 18 1181
18911
7 12 2578
8835
32 69 2616
19171
31 43 227
2610
22 19 10
-35683
38 64 1376
8307
3 36 535
30353
12 10 3019
37946
2 43 294
-18467
69 57 2721
21765
63 50 628
-6749
19 2 1168
49234
43 52 516
-18734
9 17 1
-39083
59 49 2828
16118
36 60 37
-42803
63 36 359
-16194
64 1 18
-46731
51 33 1218
29528
45 13 15
-45370
51 11 76
-44888
38 56 252
8629
33 9 372
30218
55 5 621
-488
5 27 43
-47899
7 11 4
-15563
8 10 2253
44780
55 15 83
34775
17 12 408
-36414
68 41 172
6017
13 46 727
-26240
16 49 441
24761
38 25 810
34531
62 30 389
49903
53 55 326
30427
55 6 257
-38860
70 34 147
-37420
10 5 130
17391
54 17 1471
29161
29 62 512
-4273
14 30 21
-44070
67 33 247
49685
2 16 230
27246
4 58 1060
-24691
8 69 51
-43356
61 26 75
-7718
43 42 28
-42766
29 68 1319
37143
25 19 1187
34951
42 35 606
47592
51 11 654
25745
26 62 294
4091
21 16 1593
-194
1 43 221
-22806
25 45 50
5677
11 37 556
34979
60 38 2605
39491
5 31 396
-39943
27 5 460
-22856
36 35 586
43286
19 33 1680
44820
57 35 21
-40296
31 5 269
7124
60 6 239
-44279
18 23 318
15781
56 9 53
-42404
34 17 789
45545
4 35 750
13475
66 58 71
6406
10 12 24
-40428
41 40 754
-22867
48 52 651
-17212
37 64 695
24112
9 50 1783
25280
6 14 416
34373
39 26 1929
-5473
49 5 43
-38202
20 44 444
49415
19 60 866
12446
35 22 192
47440
12 39 320
9109
67 35 236
-39466
10 35 239
-5647
55 58 3
-48476
57 26 2389
34283
49 62 603
34780
23 55 155
-20899
45 14 14
-16712
8 23 349
20548
4 56 19
-15804
40 12 54
-42513
26 42 291
7063
16 8 604
29513
38 42 1923
16869
58 41 2780
26612
37 54 20
-41568
49 53 90
-28752
29 20 4
-41619
36 50 821
31842
38 41 109
-19956
58 70 267
-8835
44 23 103
-42820
54 20 173
47279
29 27 28
-14609
47 14 83
-45868
3 47 13
-39552
33 59 18
15548
50 68 569
-12583
51 40 1692
39834
46 55 401
-20778
55 8 646
49036
24 23 378
-1239
20 6 35
9983
11 29 1309
9109
32 22 253
-27174
45 10 210
-32379
22 67 1771
-749
27 1 439
-22068
25 30 4
29488
14 18 185
-33274
70 30 146
-1732
10 4 84
-32576
11 13 121
31382
8 26 278
3291
59 27 185
-12393
63 28 778
-17267
1 2 210
23054
57 26 258
-8798
7 68 776
-9357
29 52 174
-29997
1 63 352
-9202
5 46 27
-27078
51 40 630
2308
28 40 448
9642
40 17 971
29002
43 16 278
-34416
36 38 687
46972
41 39 313
39737
59 61 312
38607
44 23 836
-1380
42 37 26
-48062
7 20 3087
36166
27 20 108
4987
21 61 83
-25491
34 13 46
42779
17 36 74
37410
1 2 1060
33746
23 42 322
-11223
14 63 91
-32220
1 46 605
31115
58 40 221
-31038
19 64 363
27873
57 52 8
-47077
7 12 914
25622
3 45 32
-32259
19 62 156
3
25 27 3
23962
1 4 610
45986
59 2 739
-9878
45 11 874
-28111
10 10 31
-49180
9 40 293
-15913
44 60 174
-312
17 63 1089
194
54 18 30
34410
9 59 469
36925
35 33 5
-44179
43 7 419
-28626
33 42 808
44098
66 22 542
18227
30 38 77
47348
54 25 1
-49524
49 24 809
-27452
19 31 1125
30822
22 70 300
-39640
2 38 618
32481
64 7 89
16037
39 39 1
22443
29 14 26
-7543
43 64 544
44687
31 37 203
42126
22 30 828
-3661
34 37 263
20976
35 2 275
-40223
14 20 991
-6426
26 39 12
-34416
58 14 3
-48724
62 63 162
-11151
15 16 485
-7611
64 60 540
-11740
14 31 722
-11906
22 68 159
-28034
11 12 1141
-11906
53 46 281
-2984
55 28 2193
45575
44 39 548
-2735
63 67 12
-34206
11 66 328
-23062
24 46 455
17867
3 38 44
-44798
9 46 46
-45052
47 21 21
2087
46 31 43
-42685
23 37 8
-40215
8 14 1
-37067
13 20 159
20443
29 1 22
-13103
9 14 690
-28074
53 51 8
-46737
1 68 345
-9619
25 48 22
26434
48 26 518
10257
3 12 2636
41610
26 36 264
-9812
59 55 2020
24112
46 46 1
18224
7 42 35
-14491
2 42 97
-11151
25 31 124
-33979
27 70 6
-47593
18 24 62
34244
27 69 61
-37681
40 55 104
-32631
56 32 9
-35614
62 44 1334
41653
40 13 178
-36414
21 38 615
44785
52 40 111
-30016
17 44 4
-49933
7 15 144
-44592
17 45 39
-9179
44 52 10
-49024
43 18 5
-33325
19 46 173
-28917
6 20 214
-24324
18 35 678
8629
46 66 33
-27603
50 60 2454
13916
8 47 2836
38718
26 40 923
3736
36 63 2518
45803
44 20 152
11205
53 11 983
40539
56 30 43
-34395
26 51 308
-3307
15 16 863
10654
7 38 28
-37175
58 54 302
36129
54 36 152
29009
7 19 3454
39565
4 22 19
-24580
70 16 44
-26493
54 46 121
-36882
64 1 218
-10316
69 62 350
-22611
18 46 910
-5394
63 32 57
-47128
58 68 1544
12056
37 47 134
42707
22 49 1080
-4702
34 9 2
-49180
8 9 162
27075
57 10 18
25238
22 65 1
-49783
20 32 373
25718
24 20 927
24776
26 8 324
-22333
29 30 2
38945
34 25 139
-11190
47 69 1245
-507
19 36 568
-10373
59 21 90
-28492
61 19 92
-25695
31 16 491
-2065
30 65 423
-6192
34 69 398
-36317
61 4 13
-46374
70 27 1386
-10691
7 9 110
-2561
42 26 105
-35194
15 6 541
37652
45 20 1049
-6542
3 45 371
-28066
65 20 779
5308
41 28 628
-15864
59 7 126
-17127
21 70 5
-37637
66 52 2302
32654
29 41 8
-47114
29 51 1556
31235
70 19 86
-33523
34 23 90
-23149
51 45 845
-2946
31 35 145
-43887
43 29 99
-12653
53 18 2569
44978
43 10 32
-19946
26 16 903
36999
39 20 41
28655
28 46 862
-2145
27 41 40
-4941
10 62 454
-23503
15 38 20
-43689
22 63 1135
21937
21 48 160
-38575
19 52 53
-19702
48 5 1362
9103
39 44 101
-23259
10 49 575
-5101
45 37 102
-22629
4 31 688
-26159
9 59 581
36585
26 29 829
14297
18 57 2490
9059
44 67 508
-18805
46 64 149
-35614
24 14 27
-43550
65 36 1294
-11846
17 15 2116
47263
37 13 636
9851
45 16 96
-25077
54 27 32
-47457
25 49 307
5271
27 27 2970
10045
37 6 153
-43949
55 10 158
43506
2 11 72
-9599
8 63 2
-49043
15 63 313
-24157
12 29 558
-1259
31 35 200
19592
47 19 114
-24594
57 8 772
-15058
3 5 303
-2635
49 47 5
-42117
20 29 8
29488
11 70 239
38452
36 58 1327
47950
17 58 112
47408
70 42 2
-44606
64 7 77
45141
11 24 761
-24691
23 21 14
-33115
10 32 18
28528
1 3 1
-32303
44 3 790
-23299
5 15 1895
13248
36 18 1837
-809
19 24 859
44320
3 61 138
-28917
56 54 3
-47574
63 42 80
-9563
8 20 184
-10155
45 53 846
-9128
49 2 23
-28271
56 50 231
-4861
56 36 11
-45016
40 45 942
37946
62 1 1197
39759
16 63 558
11036
21 9 203
-43112
62 6 47
-32715
50 68 214
42453
14 39 204
-10691
2 8 89
-18096
38 11 569
34523
49 28 181
-26496
58 70 270
4863
50 52 169
-13898
26 19 1530
-1141
50 55 141
-35969
36 4 94
6909
21 44 94
-32220
5 24 593
-3670
66 21 62
-36073
6 25 7
-35614
69 15 1467
40061
63 53 1996
29081
21 27 1
-25824
15 20 834
-3661
55 57 1064
20493
14 4 2498
37359
3 66 1552
46557
11 20 242
31459
28 48 400
19592
38 63 368
-12998
64 44 744
-249
40 65 1095
21133
30 33 272
28220
36 9 463
194
43 39 474
-31691
11 27 187
-17132
57 33 500
11473
56 65 259
20706
50 11 1871
35356
40 35 890
-21108
54 37 456
-11846
9 59 139
-18522
7 28 24
-31196
25 29 70
41371
40 4 143
-1986
24 32 2521
44175
24 32 2
-39928
30 52 83
36129
70 7 636
23873
30 48 522
-34762
20 50 175
-36414
14 24 2277
6345
31 38 466
13827
69 34 1965
-2145
54 1 1898
27498
1 15 197
40731
6 59 144
-29924
7 39 289
24647
50 43 343
21944
52 15 10
-11822
20 36 264
-31547
56 29 289
37304
34 8 264
10802
7 36 20
23962
13 48 330
-5919
25 34 1344
20085
14 57 291
-5960
38 66 21
14590
67 9 259
-21108
69 20 64
22991
55 19 8
-24594
69 18 20
47984
47 35 1203
-2731
40 70 1383
18822
14 35 17
27938
20 43 920
-3734
12 52 410
38445
33 45 612
15710
5 3 665
36582
63 11 407
-39050
35 6 184
-13655
58 20 1014
15748
32 51 2775
48216
14 8 24
-13218
31 5 27
1653
69 41 259
427
48 9 1113
-25104
59 32 110
44957
35 53 337
9642
35 6 2080
8171
57 68 527
18013
61 63 1396
-12190
36 29 984
2993
28 35 970
4595
70 25 114
-13808
42 66 76
35679
53 38 56
-37420
45 48 715
-17645
5 2 767
-2747
16 9 5
-48944
43 39 12
-45970
62 26 101
-41619
42 45 2
-6464
1 48 198
-39656
46 2 2236
45803
10 49 439
7484
28 32 4
15434
20 11 1453
-2457
13 51 1272
-10601
36 29 430
-19939
64 57 2545
43286
50 53 2
39714
50 4 619
29206
58 56 97
24997
36 48 980
-7340
3 7 113
-29979
39 28 1199
24358
1 29 537
30992
69 48 350
-13243
56 36 1125
10077
43 19 297
-12595
45 64 139
16037
46 33 459
-26679
66 14 176
-37538
27 54 203
-28132
64 44 2341
43638
18 54 56
-43263
24 67 509
24757
49 55 590
-20073
49 15 555
-13898
30 18 17
-43810
22 31 143
-15948
16 22 416
34208
15 33 67
-7356
60 21 225
-18045
16 24 340
-29947
14 21 2152
30015
67 70 1
-48857
5 55 232
819
4 41 710
38300
31 8 27
14511
45 38 120
-12608
21 21 642
-32631
66 49 1643
-12040
58 64 1861
41726
36 55 523
38456
2 64 478
-21930
22 54 891
9644
34 26 901
49940
10 1 1831
37410
8 15 395
-2227
15 37 30
-46683
49 37 569
42779
3 56 1268
-5213
17 30 452
-22805
19 3 2090
19017
7 45 726
-12197
46 56 443
-15912
41 68 95
45823
13 45 2254
43967
2 25 561
-10383
64 16 930
-18094
63 45 111
43724
38 18 225
-32771
58 32 688
27951
5 57 29
6889
62 6 205
-5237
17 20 18
-45016
64 9 6
-47180
40 44 280
-26401
12 14 1302
1420
49 44 294
500
59 58 58
35327
66 36 1623
27951
26 70 107
-45052
5 49 428
8171
62 55 142
-43635
62 62 8
-49718
6 8 1409
-5260
62 32 36
28221
32 52 98
19637
34 21 211
-7583
17 31 62
-39517
69 57 508
16241
32 18 86
-39094
64 45 1182
39565
27 55 605
-29145
21 39 492
5404
44 56 941
-21280
63 34 534
21330
53 54 161
-3489
3 63 1251
39415
24 51 1026
20284
14 63 158
29406
62 60 1280
41129
21 47 647
-7763
1 62 48
26511
10 15 118
-8483
56 65 76
5574
32 37 164
24748
20 16 1148
37145
9 39 879
3145
20 31 451
8830
5 2 87
-40650
14 25 30
-12582
46 61 1309
10847
2 5 1
-49180
31 56 1015
-18643
18 27 753
9540
48 10 431
12122
13 8 268
-32715
20 48 2251
-988
18 46 35
-11043
19 19 243
39200
13 60 131
-44537
19 48 828
-11025
70 50 614
-16524
54 16 675
-28490
68 68 1034
36119
49 5 9
-21997
67 11 1134
-23565
6 43 901
-5473
3 11 8
32372
59 58 204
46643
48 39 446
3145
17 46 21
-36383
51 20 529
17922
1 50 298
-828
51 45 1510
43758
19 15 58
44407
50 65 117
-44368
59 62 572
41525
46 66 14
20820
50 33 285
-25695
13 49 325
-24872
4 49 99
-38441
26 24 2185
47537
42 59 172
-5227
19 65 789
38710
67 53 189
-36487
32 33 11
-46351
16 56 146
33035
15 32 264
21253
49 18 770
-6712
16 31 406
-11025
37 69 233
13268
65 35 127
-488
5 49 190
-36430
38 7 325
-40537
53 55 492
49908
47 49 628
32472
55 70 16
-40925
3 53 814
11145
49 16 163
19209
41 28 165
-27592
44 46 460
13209
51 57 69
37410
47 61 950
-19082
42 18 392
16526
63 13 149
13258
51 37 109
-31145
53 63 135
-33695
41 27 147
-26986
32 49 154
-27735
30 37 635
41275
8 18 285
30216
19 21 85
-24320
70 4 320
-22333
31 2 53
-38193
55 17 1397
-5998
54 38 30
-44376
65 57 223
-10527
43 57 111
-30865
56 60 210
46330
28 20 31
-44961
11 12 1153
-11511
33 10 398
-20341
44 24 769
22897
22 45 121
-20568
31 55 708
-28752
4 47 278
-18146
15 37 497
-23315
30 9 886
-29109
3 36 203
-23837
44 43 101
20402
66 10 2438
17653
31 17 26
-29530
62 24 275
5086
49 64 589
40769
69 30 469
-34836
57 18 148
-22290
26 7 925
-8283
10 49 168
-38452
31 15 1019
16623
66 19 796
19078
66 28 991
27462
15 1 1565
30779
24 5 28
-48764
52 8 468
28465
60 51 2237
23996
41 59 367
22666
44 54 935
-17802
5 67 868
-25061
64 9 936
14447
50 29 227
-15948
17 50 92
-5302
57 8 26
-29020
15 55 645
36096
66 57 103
-15621
49 60 358
32621
3 13 9
-43357
23 14 293
4863
24 8 949
-11749
12 14 619
-34048
3 23 43
-42256
52 38 171
15859
44 57 119
-34206
45 12 390
-18600
26 63 379
46972
21 3 1161
13558
50 58 136
-14513
11 24 343
-30665
50 53 378
38736
5 21 71
-45804
57 24 2012
4765
70 39 854
58
45 23 3811
34151
17 24 1263
-5809
10 56 445
-40071
29 12 762
-2885
45 54 228
-28752
57 48 15
-21012
16 33 171
6390
44 34 587
44175
62 19 919
47736
31 1 1792
-1890
40 56 9
6461
48 21 420
-34096
28 18 433
-29727
48 68 1581
22336
2 46 99
24647
8 67 302
5187
32 19 55
46925
68 9 8
2057
32 16 422
38607
23 13 3817
44311
16 32 489
12314
17 14 126
-27883
63 55 141
-44839
35 42 917
42210
31 24 11
-45362
13 28 8
2788
29 70 373
22336
60 64 56
13913
5 19 5
-14609
23 33 568
7063
46 66 465
-27382
68 14 80
36886
9 16 3
801
66 28 47
-4143
10 41 281
14342
44 66 342
-19658
69 63 398
-15032
15 55 1515
46341
23 47 71
-22713
52 14 87
-46032
30 51 28
-44961
23 41 468
-24560
4 4 1353
5476
67 19 2792
46527
42 12 2692
34170
11 16 1459
39648
11 5 62
-46224
31 68 572
-12653
54 4 968
-1492
55 7 114
-27868
20 70 466
6380
64 8 3798
37197
52 27 820
-6995
63 12 876
-18102
67 48 2238
10875
50 6 26
49035
9 37 370
-29293
31 61 605
19655
2 7 304
-35096
36 5 2417
20515
64 52 11
-49246
11 39 1229
35714
64 41 604
30353
11 18 28
-45894
19 60 25
-34967
33 7 880
30960
7 64 43
9474
49 27 315
28465
36 59 64
-42744
22 49 450
-9768
13 47 217
-31265
50 13 372
677
39 70 636
-30612
10 19 1356
2635
50 22 209
33461
66 2 115
-24476
46 45 150
-12552
30 70 3548
35227
19 70 1499
8523
14 68 1627
22344
30 18 454
15629
43 14 102
-41673
6 18 326
38300
60 55 90
-42384
53 3 2756
29995
14 64 276
-10155
59 29 1834
-3963
61 40 39
16061
24 13 108
-40812
28 53 28
-24303
69 68 1695
46579
65 57 200
-28917
17 16 837
16101
42 36 976
43638
26 20 491
-7822
18 59 32
34228
27 37 2404
27933
50 5 545
43474
57 4 849
48761
12 22 168
-31622
59 52 117
-43057
5 15 2019
48881
55 43 433
-1304
17 11 1938
3527
68 11 13
39225
50 46 606
36580
17 8 310
-42776
24 41 6
-46071
3 59 104
-18522
57 68 440
-9853
37 45 222
-37643
5 10 1
-20544
29 27 2292
9274
47 11 1844
49667
58 68 427
4585
69 48 979
24733
41 43 1543
38408
13 31 537
31748
49 38 1886
40242
42 28 29
-40013
36 37 1
-49967
17 4 44
-40163
9 33 134
-8209
68 15 38
-2303
67 31 2017
29132
23 23 188
36750
35 1 283
-9599
48 9 99
-22478
4 6 1624
46124
19 68 16
-49180
12 38 1922
23248
38 2 848
47109
22 58 276
12652
7 43 1450
45510
24 45 895
15152
1 56 1061
12378
65 54 319
-32447
61 32 682
28526
36 41 2272
35008
66 13 1119
26182
43 38 208
-15869
9 55 68
-17595
42 11 1873
8282
23 12 99
24971
67 13 682
38844
37 26 43
25258
4 32 1312
29356
41 15 797
9685
28 48 7
-25602
48 64 903
39737
44 48 2144
34859
31 66 105
-39028
2 61 1044
26182
62 1 27
-34613
37 54 575
23093
3 48 64
-3953
22 32 1297
46330
52 2 493
25239
5 62 36
17529
51 27 392
-4803
47 37 835
3527
68 33 160
38963
23 5 751
-14678
20 6 310
-14818
24 27 2021
-1260
70 52 93
-36637
20 51 1238
2605
40 62 269
9158
7 12 1624
7484
8 51 44
-48440
68 3 4
-15196
57 43 351
38628
14 12 123
-12882
4 62 1128
19171
20 6 1018
-12798
13 18 2
-8912
19 38 19
43506
49 46 94
-43689
32 29 1068
1751
55 37 1189
40594
60 60 209
9221
47 15 935
7290
35 5 739
49827
20 52 708
39397
37 38 42
-32259
41 25 23
-46420
30 41 390
-34450
33 12 2685
35765
56 52 607
-8649
16 59 79
-4351
62 53 1863
11566
6 23 72
-22548
29 6 1568
2605
46 39 471
-27607
40 51 1038
3553
59 48 569
-22713
64 6 628
4648
25 41 765
8701
47 3 1017
-9968
17 35 83
42579
69 25 13
-9970
64 6 521
6032
64 39 29
12314
53 40 688
41051
48 44 1264
14039
68 29 931
-7548
40 60 1540
44491
1 14 972
35183
17 64 12
-28492
6 21 9
1259
44 39 371
-34400
49 67 226
-429
30 52 113
-2457
40 23 2557
24808
51 65 1104
-22818
66 7 895
-6947
3 32 37
-31482
10 51 34
-48860
1 43 1217
34780
15 54 816
-24613
64 64 1305
23952
30 2 162
-866
14 18 551
-4861
26 24 307
-28732
61 51 474
33874
19 63 40
38119
54 58 3
-4583
52 51 85
-35694
61 60 646
29289
9 45 1834
8235
69 55 404
25748
60 35 753
42779
41 29 492
20261
53 50 1658
15136
67 60 1207
22069
65 69 69
-44777
55 32 346
35322
31 69 9
-43822
37 29 31
-866
19 58 22
-29108
3 35 638
-29968
2 52 42
34244
1 22 1778
17893
52 2 247
17641
31 50 262
-33195
60 50 1081
36166
30 2 428
29618
56 70 727
-21258
14 38 1618
44951
54 57 540
-34158
19 38 234
28136
19 25 474
45302
18 56 59
-28800
8 31 23
40186
28 27 257
26542
50 50 169
-42515
38 66 1074
14607
40 26 26
-44250
49 38 197
-7834
24 13 1469
24956
43 10 694
44753
23 30 59
29488
55 3 888
-23062
16 18 140
-22558
64 13 1225
-19298
62 2 116
-9612
26 14 521
-8918
1 43 149
-1986
48 1 173
21643
61 54 1000
21162
37 21 1756
33687
45 21 122
-45016
43 70 1021
24748
57 11 2233
21253
57 25 237
43506
14 4 666
-9380
69 25 577
29737
9 11 8
-48634
8 41 20
8441
44 42 480
48013
52 50 1523
9474
21 61 3467
45820
53 8 437
37309
53 39 151
-7548
27 41 166
21449
8 49 66
1040
36 3 511
-26603
18 49 1670
-5134
38 58 6
-27868
51 44 1008
-9175
64 22 80
27768
35 14 2072
49685
52 13 505
3107
50 57 1063
-10208
37 18 142
-34967
21 2 1043
3550
34 48 167
-26448
48 14 401
-7918
47 37 1714
-3259
2 60 1169
5571
10 11 63
40219
61 10 832
46898
23 37 93
2993
68 65 3505
39565
70 40 217
-41324
26 42 1603
30874
23 33 384
39371
17 23 768
8214
36 68 10
-39274
59 18 181
6731
26 12 12
-45212
59 10 907
34553
11 16 1518
12398
43 7 206
39693
33 8 8
-30371
14 49 2074
-2884
2 18 2144
29852
62 37 811
-11798
14 14 867
-8653
4 48 2204
27506
37 54 562
27669
16 18 730
44543
33 3 259
-7583
27 49 24
-48990
34 54 1528
47913
65 25 19
15880
59 29 3287
23737
58 7 277
-15684
68 15 41
-43359
15 16 91
-42726
12 3 436
28445
43 65 1269
8536
20 44 27
-33507
41 65 474
7406
35 12 118
5415
18 9 51
-44537
5 8 391
42127
27 61 380
21538
7 47 546
-11928
44 12 95
7350
53 64 535
-24362
8 39 442
-5579
33 22 227
34228
60 65 72
-24376
46 38 10
-47780
41 64 26
-19057
24 18 1860
4281
35 67 11
-23023
68 15 1928
32063
22 55 615
34373
66 52 201
-22945
61 55 48
30598
42 18 460
49036
10 65 890
20956
33 38 256
-38406
63 25 28
33736
50 12 1072
24499
47 9 31
-48764
12 35 530
-3489
58 60 994
2635
17 49 160
40769
29 37 111
1494
57 68 1
-43010
47 17 858
40721
22 3 1252
28639
64 56 142
-25836
67 12 1408
40218
60 3 79
-30865
5 17 285
44661
40 50 419
21383
58 50 1210
-12040
2 33 1666
11069
30 39 55
-31135
25 34 2546
40594
55 19 188
-36477
6 53 819
-738
42 43 1
-10122
26 25 242
22991
26 32 6
-47596
15 38 471
30968
22 13 1719
9803
23 23 1289
30308
46 30 597
-24389
48 15 1280
42622
58 59 298
20542
10 35 1634
15823
54 35 268
18330
70 50 1398
-2462
36 37 74
-22030
48 53 262
-40452
50 67 342
17529
40 16 1963
38132
11 44 911
-1934
51 16 598
5677
16 3 267
-36949
60 37 3043
30919
29 69 237
-26493
6 21 2130
29118
55 5 110
-24849
13 45 20
14607
11 25 917
20358
32 59 246
-14939
29 31 733
24757
29 69 51
-42911
52 56 424
705
22 68 4326
45545
33 44 270
-37418
37 29 126
-26346
19 21 257
-42803
18 52 719
32179
36 63 418
20647
45 52 11
-36309
7 37 197
-30637
9 65 20
-38329
61 51 936
9570
14 54 76
-6506
8 58 1131
11288
15 56 548
-25944
9 7 2141
24110
41 47 78
-40426
68 8 664
2087
50 54 366
-30764
10 39 18
-35113
12 44 1882
13998
12 30 409
-2240
42 54 1905
31842
1 20 2
-49980
50 55 229
-41568
50 34 83
-18094
38 66 546
11763
3 62 6
-39920
27 5 141
-27078
55 33 48
47859
52 7 339
-39643
56 47 756
-8189
22 57 22
-48944
23 3 161
-24137
17 1 45
-11146
35 45 591
4839
29 49 73
-2635
11 43 357
-26883
26 40 194
4765
8 19 1571
32214
20 8 53
-16579
6 16 1857
12055
43 46 35
-43317
65 57 1328
46167
49 62 1171
33008
4 61 1980
10875
13 31 64
-29404
25 26 1279
-15413
18 7 1650
15570
56 29 42
47169
69 15 1923
40651
45 14 1140
-21434
16 60 276
-42513
67 1 161
22378
3 49 1365
-749
50 49 129
-2145
50 42 49
-41568
14 6 912
19580
51 5 2881
16857
58 69 51
-15542
28 37 1008
30742
40 3 382
-28132
31 58 259
8830
59 28 26
-29108
21 48 96
13469
57 68 30
-40452
65 3 2
-32303
7 27 1006
32668
24 3 354
-25736
48 50 1478
14910
35 50 1195
34816
31 17 1793
38904
67 15 48
-43143
13 4 37
-20103
25 67 1781
5718
6 49 358
-23503
67 8 1169
12257
9 47 229
-41568
49 10 1072
2635
22 15 175
-27984
59 54 918
31181
38 11 33
18144
58 12 177
-18783
4 16 352
-3586
11 27 1224
36832
11 66 152
30803
44 48 387
-19400
50 48 284
-37420
55 8 1865
7183
32 7 71
-43263
47 7 430
6008
18 13 1024
31072
3 41 884
-13746
42 4 108
-21514
14 26 300
32372
68 23 1274
3441
45 10 505
-27588
31 12 1996
24977
1 40 980
-16257
31 34 9
-49244
8 54 3
-45260
68 10 390
-11759
19 11 333
-13064
24 31 141
-38555
67 32 214
8455
70 55 716
10952
65 12 1541
-11025
59 54 4
-49246
60 67 579
39459
59 70 118
-44961
4 55 100
-828
45 4 65
-35566
43 61 3459
48216
42 22 459
-32315
51 10 22
23052
58 53 1001
-5280
1 2 52
-15221
45 1 472
-36564
29 20 358
37725
61 36 44
44320
58 15 9
-41336
35 19 4406
42726
30 30 1
-11704
36 47 4
-17127
37 50 159
-44602
47 39 65
6017
12 16 388
29356
59 30 10
-49246
20 15 66
-5635
63 33 25
11689
51 5 135
-19359
64 25 601
10732
52 41 1218
41368
58 50 846
25019
12 25 1601
6406
70 43 120
-14153
21 66 73
11069
53 53 83
-32226
65 21 99
-22921
11 26 766
-14678
8 18 30
-43887
35 32 1979
32876
31 62 440
8110
16 49 2223
4922
33 28 779
23103
10 2 59
-39274
4 19 433
49234
51 36 643
44407
23 30 1593
22051
19 68 169
-28170
37 42 695
4452
56 27 854
34122
22 49 549
19073
8 46 33
-45771
54 70 671
43784
21 70 515
12416
63 10 36
-8166
17 2 818
-7602
58 12 33
-42685
14 60 508
-36439
55 29 714
38132
27 37 89
-38237
7 34 1342
-4347
37 65 664
-6464
22 49 636
35960
38 20 78
-42766
67 14 86
-41049
68 22 2349
40218
56 13 88
1494
8 32 3691
45432
53 63 256
-24826
66 67 405
12446
34 10 519
5879
23 70 34
-47486
45 66 81
-22349
9 64 408
-32327
58 5 96
2063
20 23 1537
28526
46 15 697
-21981
30 10 3135
40193
63 33 644
-27625
10 31 520
-22542
3 22 1054
-3012
31 69 12
-40185
16 5 1083
37398
33 5 3018
40507
15 2 251
-40136
21 49 171
-10871
65 13 298
-37331
65 42 328
29118
5 28 1612
17897
16 69 112
40027
20 63 72
-44573
40 56 141
-39643
9 49 620
-1261
49 40 6
-45367
39 8 931
42169
15 62 274
1259
31 20 382
-26987
31 7 47
-22750
35 65 748
-1071
57 2 40
-36383
29 29 59
40218
37 57 20
34424
56 50 90
-36439
53 23 4210
41653
53 60 481
-8673
55 2 91
-7777
20 17 504
40061
3 33 610
33691
42 59 1275
-9619
29 61 6
-20982
38 47 23
-43356
39 65 426
-27905
50 14 655
-14939
18 53 19
544
6 49 1198
36262
13 53 713
-2203
63 12 503
48622
68 42 766
30742
26 57 311
21071
46 40 81
-34028
61 5 633
-25183
30 21 104
-17984
16 30 13
29488
32 7 8
-49830
29 19 635
8687
61 4 153
-5998
24 53 14
-12197
31 49 108
-14738
63 38 1328
46312
14 47 40
-23547
65 48 605
48840
19 38 252
-26023
15 39 454
-12396
62 65 359
-28034
2 58 35
18224
43 68 5
-24594
63 50 1448
30013
16 63 24
-2349
30 33 1021
7124
15 17 1185
30242
29 12 50
-38657
36 25 20
-14728
45 1 504
-8622
64 31 493
32132
52 48 58
-27657
65 29 100
-29266
52 30 997
41051
63 57 38
-44875
44 22 161
30169
33 22 2500
31207
40 48 2
-49169
55 30 470
-23617
36 54 409
-22122
29 8 399
-2525
7 47 146
28586
66 11 344
43551
45 14 58
12652
36 12 323
-39552
42 41 525
-17448
40 3 490
17477
40 17 16
-49422
69 32 181
-11134
45 8 28
24297
42 27 2343
15570
20 39 639
2436
17 6 680
-5280
53 39 765
41129
22 16 871
45986
12 62 690
-13663
43 24 561
8835
30 11 399
-34158
57 17 122
-36741
65 32 620
26452
12 69 296
36631
7 2 833
29896
69 11 143
-30205
52 57 207
46701
32 56 1036
40651
11 32 212
21085
60 20 350
-16990
43 15 111
44150
26 3 838
10875
5 59 581
-21095
40 8 316
11018
51 70 109
-41792
48 15 699
-12040
33 68 1137
48722
18 5 159
-18946
68 36 1
-49783
33 34 630
8547
9 53 2838
43226
8 58 674
-4143
9 59 12
-48385
37 4 725
19873
27 41 1244
19818
19 3 258
-28820
42 1 735
16857
33 2 196
9469
14 37 396
-26583
70 66 170
32776
2 4 28
-46545
4 16 1015
20851
61 14 275
21937
35 26 593
-3590
52 58 1179
29618
45 47 143
18013
35 3 564
-26272
26 35 1951
-428
9 21 160
3259
50 15 522
29355
67 62 16
-26845
47 22 670
-1548
68 10 643
31935
42 64 439
-25525
28 25 164
-22014
22 42 369
2115
66 51 1372
10683
29 63 2133
41264
32 29 20
-40271
10 66 1077
-3947
38 35 2006
48695
42 7 607
21071
30 69 1815
27873
8 30 194
-150
5 28 1111
36096
9 10 1432
15434
63 20 1873
13781
70 28 17
3269
13 24 694
47120
21 44 131
11568
67 27 827
25719
36 55 423
46433
35 55 629
-13219
59 57 6
-47254
19 46 594
9815
20 2 18
-42892
52 41 57
44922
53 19 315
8547
20 12 174
-25944
2 39 144
26542
46 63 414
31256
24 26 312
6820
59 12 442
25951
23 66 525
48013
61 35 386
11029
32 38 1001
-2032
69 64 81
-11234
59 27 210
15593
63 14 2634
9109
37 32 50
28647
5 16 8
30548
44 29 347
8059
7 22 1
-47186
61 8 1158
31115
10 69 945
1752
1 10 1
-30644
49 36 18
-18342
14 25 888
-6546
21 51 19
24110
36 44 200
40041
2 1 57
20131
53 51 1192
15152
1 53 1559
8775
55 49 120
42707
54 52 60
29289
38 38 611
-30866
22 63 19
-47326
33 19 8
-39693
33 1 1232
-2203
35 3 343
24764
9 53 67
16264
22 35 4
-29530
41 39 89
4091
15 50 1277
-14198
17 19 211
-17490
19 26 1142
1837
57 24 1058
-7777
42 48 521
42707
55 61 1576
19217
41 62 266
10406
2 55 46
-24320
2 39 720
19376
22 56 223
-9276
23 32 632
-27174
53 54 12
-49671
58 50 860
27925
65 65 53
-44360
20 49 39
-46109
35 10 58
-45001
69 44 146
-29072
37 5 53
-445
31 47 67
-46682
36 40 220
-40189
45 38 356
-18734
48 22 1580
478
62 50 1748
33652
15 59 373
44661
65 14 1844
2181
2 58 192
48216
46 58 305
-12595
67 32 2702
45511
54 57 704
34553
51 24 15
-23968
45 26 996
9982
32 33 42
-35767
63 43 2452
40552
6 70 20
-13591
46 5 847
33682
1 7 129
-36992
32 19 475
-34594
21 61 466
28236
38 55 487
-31301
43 67 9
-48017
13 50 480
30779
61 44 21
-49562
43 14 1049
-5809
5 19 860
36846
58 21 15
-49246
41 37 153
22336
20 8 55
-21999
8 19 582
-33695
57 69 211
-21668
48 39 42
16510
70 70 160
-30347
57 34 507
6416
43 13 374
-18758
26 30 143
48555
51 68 1753
32132
1 47 365
-5260
1 10 1676
10952
43 18 10
-39405
59 42 145
7260
24 27 1
-15394
49 14 416
-5324
60 22 1357
-11803
39 34 1841
40565
48 53 24
-48091
9 23 987
49093
62 45 406
-8484
9 25 124
-23315
52 44 122
-18309
9 34 59
-14291
29 7 1894
20953
28 43 3
-36771
67 69 1396
44780
28 26 1074
35260
54 19 1025
-1949
40 47 201
-43875
38 62 412
21253
19 60 898
31936
57 37 131
1202
54 26 2
-48853
16 5 713
8561
14 15 121
-27084
40 30 641
32668
25 17 818
9088
20 26 1
-31482
53 16 2786
48081
44 35 328
-32948
65 17 397
-5227
17 60 40
40475
51 7 498
-24306
56 8 35
-47934
20 8 113
-16941
62 19 833
-24849
6 52 89
20386
36 34 104
-38694
18 14 105
25240
5 54 800
39569
16 28 8
-36383
48 60 554
21503
66 18 353
3341
20 12 279
13475
50 36 219
-5260
45 54 72
-2417
17 2 325
-29981
52 10 2000
22001
55 17 621
34251
16 64 364
-15684
14 24 62
34780
23 23 45
-48944
15 45 1838
677
61 17 3396
20758
7 63 669
29433
59 13 58
-26266
27 28 212
-24691
30 69 1614
25178
5 28 52
-1986
29 42 92
-22152
4 24 28
-35322
49 33 231
36375
19 1 712
13873
51 1 2371
17050
30 65 24
20820
53 65 264
22297
57 64 788
20968
29 65 1903
-2805
12 14 264
-32153
53 51 55
-44191
13 3 548
3078
50 17 2282
39565
32 67 306
-32099
30 42 561
-21808
7 43 55
-1224
23 33 2244
12162
37 30 273
-8899
34 56 978
-23852
32 21 78
-33157
52 20 234
45432
63 21 9
-12300
25 38 110
19078
23 19 92
-28066
23 53 479
-15275
9 64 187
-42788
66 62 520
34192
5 11 2699
26658
42 46 5
39116
29 45 982
-13064
30 10 1752
-1261
25 51 275
21838
30 9 2
-49422
51 59 3169
38607
28 43 2
-38535
43 30 64
-33325
62 52 772
-8670
23 38 1060
4765
28 70 155
-42430
25 22 37
17529
8 12 296
10713
66 9 588
13599
8 13 410
6525
37 70 26
-45016
64 15 854
6130
13 30 2005
28524
43 25 256
47618
70 6 182
3319
54 70 81
-1860
29 52 203
17982
63 10 180
33437
10 64 662
38435
65 68 4
5114
56 2 53
15446
46 40 31
-4041
26 2 179
-10256
10 42 727
41834
18 8 1306
13751
69 32 2353
17147
61 10 14
-48567
7 51 819
36631
39 5 1335
43640
46 2 250
-21258
67 58 774
-6988
31 5 41
36750
7 37 780
12912
6 34 136
-43143
1 5 224
-28132
16 25 1335
10456
24 42 481
18766
22 9 1092
-20397
46 24 227
-41048
63 12 418
-6014
22 51 14
-16747
54 42 851
-15948
13 34 1735
-7918
70 48 378
16651
69 5 221
-11618
21 10 362
39271
48 37 838
43638
13 29 377
-2076
20 10 436
19555
24 20 637
42048
64 4 1510
-3543
35 3 269
32180
16 13 645
-23852
18 21 2867
38655
10 27 430
-24876
17 19 99
-7077
8 3 1055
33479
55 2 3592
36759
59 44 1281
-22629
54 30 61
-29066
34 32 464
34685
3 30 27
47075
16 16 1
-49997
2 41 708
44687
5 13 1887
15389
67 19 12
-46691
58 9 703
-6011
2 29 212
40186
40 67 82
-30503
53 8 565
28101
26 1 37
36759
59 28 529
16161
26 51 1022
456
31 41 341
-28971
30 24 2290
38596
26 63 2798
43839
11 34 3
-48870
1 45 69
-38239
42 39 715
4712
21 48 57
-45016
48 48 49
-42803
44 13 180
-29235
40 54 66
-37835
56 30 238
1266
55 14 551
-31363
62 36 21
-42045
63 36 184
-39466
12 34 63
-23725
46 19 695
29329
56 56 276
-40716
9 22 250
34208
54 25 58
-30612
6 53 489
16851
39 13 220
34400
54 59 1417
-3096
48 21 879
456
34 34 670
-14506
26 19 9
-48634
15 38 200
-10237
70 27 234
47577
26 68 28
1202
64 20 546
32101
40 63 182
10971
35 47 9
-44798
8 14 733
-26834
7 27 527
-15275
60 53 3464
43735
46 25 30
-46908
40 50 177
29946
18 26 299
18571
37 66 2189
49754
61 53 224
-28034
39 46 3578
32101
49 28 3660
30803
33 34 428
17050
15 54 611
8168
13 26 105
-11515
3 18 66
30548
27 27 401
-33829
19 67 2058
23621
42 50 270
-43692
20 12 25
-41685
21 6 1004
15593
29 47 699
-15916
1 67 306
26848
14 40 2000
30353
44 38 132
-39627
38 54 9
-40110
67 8 1423
-17501
55 16 29
33320
23 8 1002
6701
46 32 214
-13844
57 63 2
-24580
49 41 440
-25104
28 42 792
-9179
7 26 6
-45990
5 46 290
38041
60 48 894
12122
43 26 1069
28159
22 23 16
-27883
14 21 36
-43204
46 2 195
10732
43 53 93
7183
35 37 232
-41283
47 67 114
-33192
23 22 2064
22915
30 54 606
-8899
32 45 805
-17212
27 29 3
47319
23 53 822
2610
26 45 275
-35767
6 67 279
-28074
42 41 394
-31368
13 55 123
-30333
37 15 1570
17183
49 16 784
-8282
38 8 1143
32930
6 64 141
-44600
17 25 259
-39031
41 27 372
17011
61 3 52
-47970
9 34 1163
20548
22 23 2825
48324
23 13 959
-12197
29 53 17
-44179
36 7 91
30817
49 40 755
8356
29 46 794
-1730
58 9 437
-19759
29 36 1017
6953
52 26 251
48035
58 14 271
13469
44 65 734
-14416
69 31 286
-34403
17 1 1650
31503
61 68 369
-40703
7 9 446
42169
67 46 454
10195
37 1 300
30803
16 64 359
6595
44 18 25
-28440
60 56 1834
20153
34 27 381
-38506
18 66 1708
2057
24 64 272
-16488
5 36 679
-28577
5 66 94
-27537
62 10 1351
20548
44 58 113
2610
32 60 151
-36035
9 14 1241
-16347
16 18 455
-27896
15 18 927
22731
35 53 10
-49521
18 20 1047
6376
4 14 391
27447
3 62 3
-47254
15 44 213
-23547
44 68 1018
-23503
50 30 1115
-11742
9 30 373
-29136
51 69 258
3749
59 54 241
35765
37 11 614
-3131
39 67 84
37410
2 2 156
-34416
49 51 199
10050
58 56 899
35994
63 55 32
3
50 37 190
46809
63 28 145
-34450
2 54 498
-27883
21 17 742
31610
11 44 1614
22069
39 25 1574
34251
1 27 143
10050
24 44 218
-20036
15 38 1026
-15256
25 42 2119
10847
50 67 167
-31145
63 39 438
14921
49 64 1738
31517
20 25 684
31551
64 14 31
-43550
68 15 203
-11309
41 41 2150
22302
36 33 160
-34395
15 38 573
-31363
35 7 144
-25596
49 36 404
8472
53 8 2422
6517
49 12 2010
18421
17 47 366
-38829
34 7 1164
20126
23 5 483
-26362
50 31 3177
47111
60 35 743
-8069
15 59 1758
20758
32 2 538
10406
23 41 937
6014
45 21 172
-29715
29 62 147
-28063
66 30 29
-43204
8 56 345
-1518
40 29 228
-1492
40 70 1038
45950
21 29 152
-20686
34 22 71
-46938
2 26 3
-49967
70 40 30
-46691
70 27 138
-40050
46 64 556
-26845
32 40 881
-22542
33 37 634
49796
60 47 1587
37785
25 69 546
30335
51 49 5
-49841
42 5 621
-28752
56 12 189
-10383
46 2 86
37145
47 41 1211
18384
59 43 122
22110
57 57 1338
19907
30 30 3167
24251
54 25 110
-9970
66 21 695
10195
34 26 317
-34930
68 46 47
43046
30 36 403
-21165
10 12 2
33165
62 59 65
40193
61 69 742
45964
69 25 341
6520
40 34 9
-39782
22 33 425
-34644
4 35 372
6434
6 44 488
6701
15 17 3
1628
59 36 55
-45712
1 2 955
-15950
44 57 404
22991
54 3 1653
36403
55 30 606
9540
33 60 1425
20284
38 1 595
-33766
53 20 20
-48995
57 45 2842
46579
11 36 1758
41358
61 12 5
-13218
44 14 846
27934
34 41 1107
41738
33 62 32
-35431
49 55 3226
41653
4 8 19
-47934
59 66 1751
49754
63 46 1855
-3479
46 45 676
-18552
23 32 308
12652
48 63 346
43046
39 33 430
-12647
9 3 1023
27272
66 39 838
-25045
67 22 180
-2417
55 54 203
-40716
57 41 667
-15999
60 7 637
30815
27 47 147
42025
57 43 108
31413
53 64 11
42625
23 11 1123
30932
4 15 71
34208
53 59 553
22639
35 41 585
-31737
42 49 1269
2942
52 20 702
-19939
7 39 2881
49277
63 17 333
-16390
16 36 186
-28453
46 46 129
42625
52 61 2
-35322
41 52 1627
35205
22 3 1342
42012
5 63 118
-8798
66 51 21
-6546
47 28 593
-26603
69 63 245
16101
4 70 70
922
65 27 1568
13912
4 64 158
23052
45 53 179
-27984
11 68 212
757
70 26 2113
45823
44 70 13
-9697
44 38 958
12220
16 62 760
-29959
53 33 1053
352
22 69 1151
23170
6 30 1107
-15793
1 45 400
-18573
67 19 171
-35614
18 11 141
-38694
13 62 961
6028
52 60 5
-44647
19 52 1361
2976
58 8 16
33461
33 48 756
-18522
16 14 367
8521
23 9 814
-15916
10 54 2
-49933
16 65 1147
-22014
52 8 133
-27833
26 59 302
45912
20 9 3558
37574
12 20 561
39693
17 2 697
-19956
45 41 234
39845
59 14 76
-41118
11 7 3363
37145
46 2 9
-46604
42 43 310
-18727
69 67 1582
39484
54 45 1226
47913
4 23 161
-42767
46 59 3
-48715
61 68 338
-37510
39 12 100
-26448
17 70 166
-44602
16 25 515
41898
46 59 1245
-16257
60 30 139
-29969
48 44 3564
49908
24 46 510
49676
48 51 164
30729
15 34 395
-7771
45 24 1145
42614
25 46 746
-1090
11 37 2910
45707
56 43 144
2337
68 58 800
6243
28 41 2293
31072
58 65 39
-22058
34 54 292
-24232
18 50 1
-45718
31 31 42
9701
64 16 118
-41112
47 24 78
-40720
48 15 611
-8102
33 42 671
-19298
11 11 1476
38593
7 66 457
31445
69 5 237
538
26 10 131
-23565
63 53 3196
39749
46 42 23
-30956
5 31 24
25622
7 52 685
-7880
55 35 446
-37550
46 44 1
-48990
5 42 665
49770
48 21 260
-13743
65 31 108
-46388
27 51 41
-44888
32 28 636
20469
33 29 237
-5324
7 53 2339
3198
7 7 3057
22547
37 40 224
-6055
57 33 369
-36487
30 9 590
-1062
43 24 1306
38844
53 58 1586
10299
28 28 227
28409
44 29 489
6953
16 46 16
-39097
23 53 820
38065
29 5 431
-25736
33 42 509
21450
20 10 1237
38628
44 41 238
-23274
28 32 238
-22986
61 65 1203
28403
10 63 96
-32752
69 47 2425
16647
30 18 213
-36414
65 32 180
20700
58 3 2098
20548
31 35 3830
49459
52 69 36
-19229
19 57 56
-44839
39 69 1198
18330
70 24 2466
19580
17 26 452
-3350
10 41 116
-23010
5 2 1983
36394
59 68 1044
48013
31 7 299
-15032
20 54 3
-48047
4 4 495
-20294
6 15 27
-47077
8 57 2125
48968
1 12 181
-16887
20 56 109
-18580
40 33 1864
41894
24 22 9
-32303
39 5 1152
3818
36 1 213
38408
69 11 892
10257
49 67 413
6833
61 33 5
-44494
21 45 2865
46578
10 8 723
44787
21 52 868
-1751
49 21 1081
-15525
44 55 221
-24727
56 18 361
-40716
50 23 173
-24172
61 64 337
44320
12 57 1436
-1288
52 9 743
3396
25 40 252
7228
45 33 53
-44179
8 59 1508
48881
31 11 553
31115
35 69 1423
10129
20 7 2186
44816
23 59 475
15136
22 30 499
-11052
70 61 1471
25374
60 2 398
18496
19 4 232
-34039
52 51 36
-47574
49 49 132
8990
5 28 1090
-2635
52 48 1025
-15869
53 3 18
40769
33 55 15
-46691
1 9 4
-13218
40 27 106
-30157
30 58 554
-31301
61 22 301
-29072
29 65 130
-36073
26 36 29
-14409
69 53 84
-3244
5 33 292
-18830
3 16 264
-23968
59 9 145
13827
14 3 600
-27804
42 18 25
-39552
57 32 702
6303
18 61 41
-27657
19 29 832
34400
45 46 222
-29705
50 10 206
36096
11 30 1378
21944
27 43 460
28773
28 33 209
-24376
64 16 440
49234
35 2 1254
45912
24 49 906
39271
35 17 378
-39405
45 43 334
-15563
7 39 1157
6224
67 37 282
-507
70 23 99
-46143
67 19 140
-5998
51 4 22
-41180
30 23 797
17529
27 25 44
-43195
22 4 2064
11036
54 39 1
-49676
23 25 172
-27203
38 34 267
7350
46 38 76
-11961
5 63 933
1340
37 18 852
46341
49 9 990
42218
4 48 528
350
28 48 134
-46224
48 32 106
40218
22 40 1476
21717
39 23 401
-9657
17 69 477
38408
23 9 3013
47972
48 23 526
37604
26 24 619
8472
31 60 192
-16887
56 7 183
28874
22 28 496
49985
66 63 77
-43866
44 52 761
26499
37 38 249
3396
35 6 452
20150
48 6 687
30822
19 8 48
-17149
36 48 822
3198
40 70 393
-14678
17 39 79
-29721
58 36 19
-45598
42 54 808
-16538
46 21 802
-9380
2 56 1696
44068
33 10 94
-45678
31 27 340
2884
18 8 883
-4806
58 44 555
-33819
26 38 12
47005
19 21 37
-25449
51 31 1153
-21165
51 34 1133
32924
56 3 57
-33667
54 24 981
3614
54 5 381
-2240
36 43 122
38066
3 1 914
22129
15 33 76
-38639
1 24 1
-49105
61 1 1182
-10074
6 8 517
6008
55 33 2453
40735
54 70 9
3527
35 13 40
30598
52 66 2329
25854
23 27 5
47319
28 4 1217
-11846
43 24 12
-30253
37 2 1167
8076
65 52 89
-45224
52 23 2642
47618
44 26 413
25342
6 60 818
29329
50 17 3626
40409
20 26 419
-8918
44 56 303
-16986
11 52 1465
42614
14 53 1824
15886
11 48 402
-21571
49 39 616
8356
30 30 210
49940
37 50 1594
36749
56 3 33
-42728
41 56 1923
37874
70 68 526
-12595
54 55 1562
46280
35 33 907
41692
8 68 868
-6387
69 20 742
44543
11 27 1566
-1268
25 27 1102
-3435
62 4 323
16264
25 10 79
-25782
10 47 180
-10524
21 53 541
-33896
16 6 592
-10132
32 40 1630
-5919
3 50 2309
44870
30 22 173
3834
25 16 1638
1638
34 40 100
-21683
1 26 1610
25491
69 9 747
-10132
42 31 151
22336
48 33 8
-47593
39 37 25
-13017
36 17 26
-45226
46 10 2361
44787
33 33 106
-13510
34 30 413
-12929
38 44 99
-26362
38 11 17
-48932
46 1 315
-19170
21 50 3302
45043
10 58 3
-42711
52 67 370
20851
43 20 36
29494
63 6 14
46433
25 18 637
15427
55 26 21
-7216
60 35 71
-13844
16 29 2
-25824
40 52 2785
49093
43 9 154
-1233
28 67 1730
46250
38 13 509
-15032
36 60 1042
36394
20 8 257
3396
52 47 229
4922
48 20 2454
40913
18 48 27
41371
35 31 161
-35694
14 55 491
31256
4 30 160
-8711
52 12 824
6303
33 47 43
-22145
43 3 93
-11701
43 35 605
-11453
63 33 516
47592
5 20 211
-28440
5 31 1290
28465
15 7 920
-8496
2 10 448
-19057
56 45 95
-30348
40 8 86
-44279
31 10 524
-8663
63 14 973
36403
27 54 1255
47440
57 18 871
20443
6 43 1789
33565
36 56 25
-35381
61 38 69
-29981
67 39 176
17298
52 29 30
6742
58 32 172
-3096
65 3 207
-38406
66 32 14
-10524
70 57 1016
-249
14 24 1106
41894
61 18 21
25603
17 34 594
41304
66 67 262
41371
5 32 1005
-21808
5 64 771
-18946
49 3 1069
-1380
64 29 59
-19032
27 16 164
34244
47 68 734
-5948
39 8 214
-19958
68 19 32
-36949
33 62 364
-6320
63 64 220
194
39 1 516
47744
1 12 209
-42978
62 41 1604
31616
18 58 56
-35134
52 47 1025
31503
40 26 2281
15109
37 67 3
-43357
65 67 206
-22152
16 55 196
-14446
11 38 310
-35381
14 69 113
9596
12 23 210
-13808
39 8 2248
23093
39 44 2616
29772
31 2 423
-30655
66 32 2239
9697
68 49 485
-29331
14 50 812
5719
46 46 1621
19948
60 4 103
-14248
21 21 352
-22022
43 44 104
-34416
69 40 78
21503
38 58 343
44292
65 12 89
-9260
15 16 68
-18706
1 61 31
-23149
67 70 308
-33507
42 1 297
-13575
70 44 331
10451
56 23 99
-47012
18 30 850
500
59 34 3254
28655
25 7 271
-29558
24 57 127
-43102
23 32 427
4149
64 25 1621
21146
68 17 5
-34803
44 37 879
-1890
42 51 193
-35426
23 26 123
34963
46 26 98
-28413
49 49 155
-46125
30 48 1345
3321
30 59 26
-37704
45 24 509
18227
60 70 60
-48017
28 30 862
-13808
18 22 74
-46479
28 35 748
-22713
28 12 153
-22921
43 61 178
-39949
40 27 271
-32715
36 40 634
8830
26 26 1
21972
26 13 75
-39618
58 25 172
5119
51 41 123
-29979
41 42 91
-24580
14 34 234
-26543
6 1 960
-5394
59 50 333
29709
26 1 577
-14241
10 34 25
-43555
16 17 1149
-14110
13 16 154
-17280
48 14 7
-48483
46 38 252
-6642
48 16 91
-1259
34 23 392
5476
42 39 405
-468
42 59 299
29118
40 56 545
7526
63 60 1200
27671
29 50 2418
31536
51 39 1278
46772
64 11 2407
29528
66 46 48
-34501
43 59 814
8288
59 60 58
28089
60 56 630
-26829
41 22 664
38844
1 24 80
-44250
35 64 921
6434
10 65 635
3160
41 27 1444
-9697
42 44 435
38611
8 61 175
-28389
22 16 1348
4281
10 54 2152
36409
24 69 9
-47904
4 10 775
-9079
63 67 1676
31998
57 5 362
-18146
22 60 1979
34127
12 2 261
46809
3 60 103
-45362
69 66 296
-31691
37 61 2066
22378
43 43 473
-39327
4 48 1153
34580
24 54 349
28272
69 56 276
-4041
27 11 258
-11822
46 43 139
25238
63 7 116
-20341
15 54 45
-8259
41 69 796
49706
25 31 39
7260
31 15 329
19580
19 40 270
40242
10 70 1366
8701
55 21 168
-23923
39 64 234
-32817
7 34 2
-40812
65 5 1685
41358
53 32 2246
24757
14 8 925
39125
27 4 2177
30015
11 38 964
-11742
27 39 1968
16028
62 60 104
-43866
67 1 1891
9109
36 55 50
-38686
51 15 61
11473
24 55 220
-39643
44 59 6
-312
50 10 907
30316
11 46 1283
-7771
23 24 229
-2921
5 52 589
29132
46 40 970
-2
34 13 594
-29700
46 15 28
25603
61 52 187
-44537
14 32 861
26153
57 51 2462
32121
34 19 191
21717
48 69 606
-25596
41 56 54
22443
35 27 65
-17888
50 24 40
39356
32 49 731
22297
60 60 66
36631
1 5 1168
-15055
6 39 2047
7908
39 8 37
38759
28 18 424
40041
54 45 460
-36317
6 55 2
-49521
29 20 410
-11963
51 12 550
-20454
49 49 440
-18950
60 7 1015
39778
66 17 14
17891
50 46 654
28101
37 7 806
4976
18 33 893
7484
48 41 52
-46877
52 54 135
-44647
18 33 13
41264
67 37 687
34523
43 6 1081
8835
70 5 388
-23315
63 68 161
28438
66 67 109
-36387
22 42 198
39380
41 24 2032
16028
35 53 27
-44014
20 8 200
-43667
28 12 304
-18094
24 47 145
38844
46 43 12
-30644
45 25 1978
31429
21 23 893
15867
18 39 43
-40215
46 22 204
29015
60 18 286
-37550
2 49 520
-12054
12 36 262
21071
43 4 97
14259
24 62 539
17236
24 51 978
-8483
47 21 459
15418
25 65 1199
22297
28 70 1652
41368
17 67 311
-22542
24 23 3
-49024
48 47 1367
-1795
70 45 1057
2057
15 16 83
-35716
50 2 3433
24996
14 62 103
38066
32 63 201
-42013
49 26 82
-39495
18 18 37
-46150
56 44 513
32264
54 50 165
-43815
50 70 7
-21794
69 37 394
-27625
5 7 10
-36771
54 60 5
12023
20 38 65
-25449
39 29 244
-32088
54 14 239
6953
65 26 38
-41518
57 26 2000
30242
70 57 10
-43599
42 27 191
-10524
66 25 66
12094
20 37 276
-28431
39 48 213
-35315
51 28 371
-7602
40 20 32
19637
69 27 12
-32315
30 21 59
-39627
61 64 291
20968
16 16 158
-30348
51 34 387
33221
38 20 743
9158
51 59 135
-20341
62 23 170
-11819
26 20 434
-2885
66 21 544
-24389
43 49 276
-19870
26 65 608
-1548
41 66 1870
38469
53 30 325
31207
26 52 1764
-3039
17 24 3
-29020
29 18 55
-8259
18 51 714
46178
61 52 429
-14291
19 40 337
-8496
57 65 324
-21434
38 56 214
-8484
40 15 6
-44060
68 27 12
-46776
52 4 336
-42199
33 62 157
42625
5 46 36
30353
15 61 1049
21810
32 11 3222
44719
30 67 191
12651
18 42 2176
32392
23 60 2653
45538
26 37 2486
26140
11 46 90
-6724
26 50 496
34424
18 69 375
-32811
6 34 966
39562
43 41 88
22443
67 20 3052
23304
12 33 934
31175
42 10 1001
-22676
6 11 76
461
32 27 1292
-9001
60 49 807
46178
57 4 677
-9012
43 45 687
25374
36 16 117
5329
51 61 2
-39552
3 7 1677
-1640
44 69 221
-32210
22 65 867
40552
48 29 70
16037
51 27 135
-42892
61 28 65
-38539
64 7 80
-39327
33 3 99
-30423
30 25 183
20033
40 16 71
17477
64 67 1309
-3640
64 2 1876
14910
54 22 996
36716
49 12 367
44819
68 63 82
8629
47 41 1200
-10878
8 15 188
35379
68 66 332
-39627
27 33 90
-6859
49 37 183
-26245
19 47 504
-14951
36 26 1068
19692
46 26 174
-35614
67 21 204
-11791
6 32 49
-30157
36 38 483
11660
57 59 183
-26437
4 18 380
-22713
59 7 13
19386
2 20 50
4276
47 64 258
2373
16 10 108
-29762
51 63 430
24251
48 47 129
-10155
9 68 344
-33195
3 12 69
37145
63 43 180
45302
19 7 1681
36119
3 41 483
15427
8 37 176
26170
62 8 9
12651
18 40 333
-37554
18 38 711
-14473
15 21 324
-24329
40 50 117
-8835
32 27 27
-36073
56 38 81
-31691
30 36 1898
6380
30 10 314
9919
14 50 2356
17154
66 64 420
-22014
10 24 824
40195
62 9 464
-9175
40 3 248
-507
11 26 1888
33874
22 24 94
-5531
47 41 72
-37924
1 22 1810
13162
1 16 62
29772
18 66 790
-18522
37 34 174
-2145
57 68 1109
47644
8 39 377
7219
34 29 489
3160
11 32 289
-5134
7 68 1341
6426
54 66 820
3078
4 3 578
194
58 70 2
-41685
16 11 1032
31459
40 26 396
-33386
8 41 1889
5578
42 59 25
-39210
48 61 130
-24324
10 15 73
1494
66 22 2041
37574
22 60 256
-31681
22 15 951
42012
17 58 2645
45181
9 56 848
-6685
46 20 17
-48102
4 41 230
7261
36 14 313
-12595
21 68 560
-1795
30 6 585
-10717
30 34 3035
36403
12 18 7
12318
4 58 859
-12040
26 25 157
7290
39 29 1750
26499
32 27 124
-45052
68 40 675
1202
41 50 1360
-772
13 26 10
28136
68 53 140
-22290
69 17 74
-25395
9 4 418
-19939
38 12 941
-25786
26 28 7
-49521
1 38 523
48999
69 17 373
22129
14 30 44
-45970
44 36 78
-23189
50 59 564
29717
64 14 785
49093
47 35 191
45181
58 16 317
-14297
1 24 65
-37785
25 37 228
-3923
23 41 21
-22818
57 47 665
23952
28 60 417
-19658
65 33 72
24009
26 5 267
28465
32 20 153
-20544
23 23 262
12524
25 38 29
-31211
22 69 378
43784
17 52 73
-24376
3 44 144
26434
21 1 294
-35969
11 57 854
28528
68 52 746
21687
22 50 501
2181
54 31 1560
43758
16 53 485
-25428
23 64 170
-33739
6 65 438
-8590
36 46 11
43160
62 25 2174
8771
66 6 3
-319
36 8 315
500
32 36 1073
9735
41 28 125
-38441
43 7 138
29939
66 15 34
-16745
57 17 54
-35307
65 43 1
-49967
42 15 1098
-17595
19 16 648
1653
40 68 274
40485
35 36 127
-29947
61 16 63
-30253
39 9 418
-23549
66 48 60
-38594
37 32 270
48622
25 42 226
48216
5 69 3156
31901
2 62 55
-31747
16 65 51
-44676
17 34 355
6741
6 27 50
-32315
13 36 2263
27938
26 56 1247
-5324
20 62 522
-249
55 37 15
-49665
19 17 859
31845
69 19 363
1494
36 5 4
-41988
26 57 917
29603
22 20 196
-1732
60 51 905
5681
33 70 478
-591
52 40 19
-15621
23 41 804
24110
43 41 155
-22494
31 64 185
-21317
69 30 12
-13017
14 70 372
9109
67 6 607
44150
57 37 64
-3425
67 42 2086
9685
29 57 75
-7771
43 18 37
42705
53 31 31
-45226
46 61 162
-26249
43 32 471
-17277
56 36 350
-20393
23 7 259
-7934
39 42 739
38066
53 69 296
6130
59 62 2137
42622
20 6 988
-2145
44 53 26
-20103
11 6 746
-11306
68 7 295
-38812
54 24 8
-43195
36 67 806
41692
62 43 1745
36215
67 10 704
19880
51 69 614
9596
17 11 85
13125
43 18 1645
31633
66 67 1074
9596
8 27 467
-150
47 51 1550
1957
66 39 911
19948
29 44 712
27258
25 50 57
20150
70 58 680
17841
19 34 1302
33060
47 21 212
-7036
42 33 796
-12456
59 52 659
-17595
1 53 2043
33403
23 12 452
8687
15 46 10
-40215
8 22 43
-4273
27 13 1131
7124
63 57 1603
8536
12 39 532
20700
41 13 232
6781
27 53 43
-48017
6 70 779
-1913
39 43 1908
44341
8 10 461
42613
70 23 1380
9681
28 1 202
-4797
26 65 165
-38414
57 67 155
-41555
6 13 113
-28849
17 34 951
28220
16 70 3021
12940
24 45 30
-35756
59 23 88
29845
3 13 828
-4236
5 43 104
9158
2 54 469
-8913
56 57 318
-22676
2 59 560
-25287
57 27 183
-537
26 47 162
-9549
65 40 160
-34803
28 41 270
-19759
10 48 6
-48696
11 29 1921
37725
62 30 3614
47972
56 69 228
-9029
7 37 3048
41692
55 2 9
-48365
28 7 1114
34523
69 3 3978
49714
43 42 1165
-7542
31 8 328
21538
44 26 31
-23469
6 53 51
-30245
7 4 1557
906
11 35 23
-24386
10 21 20
-29066
27 68 635
43784
47 21 29
5086
28 9 278
-33988
13 2 25
-47326
14 69 540
-2770
34 31 376
16526
11 70 197
-35054
2 35 314
-18745
39 27 999
20233
28 15 976
19156
56 54 878
-12124
27 2 1167
6535
66 27 273
-36806
61 33 3541
41122
39 12 1634
18522
15 23 415
-17155
9 42 68
-43185
29 21 201
-36741
52 65 1971
43471
16 49 1109
11121
19 20 568
-9485
44 11 42
-47469
32 63 288
-38995
12 23 1201
-11190
24 24 1
-15394
54 51 287
32506
27 68 353
-5579
25 63 797
-4656
25 1 9
-49516
35 36 658
27794
51 39 761
-26179
39 28 21
-46731
26 57 13
-24157
44 62 1275
7219
36 11 40
34400
43 3 504
-28490
38 31 387
-25905
14 8 133
-45970
56 52 1049
2610
68 7 19
-43366
46 51 95
-46026
50 41 717
30822
15 36 26
-21168
5 14 1252
23395
27 38 42
-10155
11 33 691
-15235
63 36 232
-42021
42 50 522
-27921
10 53 689
34580
41 21 441
-28626
35 59 158
-26986
14 15 75
4047
61 62 183
13284
25 10 724
-1518
62 62 26
-8650
43 31 945
17330
49 50 133
-40136
29 56 477
-37538
70 2 150
-45106
15 21 1029
-11017
17 46 124
-17490
64 63 1211
5329
25 30 167
-9770
33 39 338
-17595
65 46 699
-591
58 38 412
-14108
21 35 465
3039
15 1 82
20213
18 5 738
1242
15 54 49
-42776
16 25 1964
8768
8 27 292
-2349
52 8 579
-29032
52 30 42
-29530
58 40 2129
13162
2 66 187
37725
17 53 103
-42019
57 46 336
5677
64 26 30
-44537
12 37 164
21085
65 5 542
44820
67 29 21
-46737
47 27 206
-39203
7 11 2635
46469
26 48 15
-40381
8 1 2447
18496
20 62 1201
19082
24 32 363
-33365
65 10 89
-9163
42 58 177
-23968
56 17 2105
48761
8 11 350
34531
37 31 41
-18365
3 3 831
16098
39 50 16
-46604
69 4 189
5404
8 67 1106
49415
50 39 339
49698
14 33 953
2881
27 42 2596
46763
23 60 3032
44957
12 46 34
-40110
7 5 139
-15525
7 64 93
-47574
10 28 269
41264
44 33 1185
31116
23 42 454
12729
64 29 53
-48145
25 55 1403
32264
68 57 272
-8483
43 36 1970
11998
25 44 1252
-7822
29 2 118
-4941
51 22 14
-42117
52 43 999
45545
35 41 1352
20469
44 47 1627
33320
24 22 108
24118
20 45 5
-31458
42 41 195
-39327
27 66 13
-29109
38 51 54
-29128
58 8 136
-4273
51 35 1022
-7078
19 20 93
-27559
58 66 1
-42685
25 37 294
14039
42 2 19
-1492
7 48 1929
29356
3 55 946
19993
58 25 19
801
21 61 140
-6282
32 69 81
16510
52 23 4
-48385
8 25 118
-36387
15 48 344
-14818
34 58 156
42453
26 50 72
-39541
35 18 1921
48930
26 58 1022
8701
4 27 50
-47899
56 4 340
29717
38 49 55
-42628
56 57 1
-18573
61 8 4
-33115
67 8 3933
40437
28 35 1254
26848
33 47 1823
41692
51 67 353
-11506
31 54 527
-17595
9 11 5
-38752
20 46 21
-25501
41 65 687
-12612
27 51 1504
2266
22 65 287
40675
22 69 34
-39050
7 27 1461
43940
53 65 1518
32121
21 33 307
-32778
31 57 58
-15869
70 35 141
5187
10 56 967
44951
70 8 818
39648
32 12 222
35994
24 22 688
20677
40 60 11
-9499
8 2 725
45046
53 27 536
-24389
14 12 2659
25709
54 14 151
38119
59 37 1663
-10512
39 12 253
15418
15 31 73
-23473
24 22 342
3039
36 14 81
-46776
51 60 92
-46731
17 7 1915
19555
6 33 969
25239
45 64 2375
31935
50 57 344
45194
43 37 111
-45106
57 11 734
8536
15 69 962
-12798
2 26 563
28586
45 14 444
-20036
18 69 1041
15109
44 24 646
44719
7 42 1000
-26603
21 8 1619
24358
55 59 289
20386
56 8 36
-12921
58 12 308
30790
65 25 565
-13312
54 39 1257
9991
7 33 2082
25280
24 59 706
7853
14 45 239
-21500
57 13 41
-26496
60 34 44
-27735
54 5 905
24793
65 28 444
653
65 40 45
-41685
68 18 926
41573
9 23 1564
30039
5 35 418
-23274
38 1 471
-2275
7 49 97
8857
46 10 93
-16524
21 19 244
7065
44 21 2022
46925
66 34 74
-48567
22 59 28
-47596
21 15 178
-9012
3 13 850
49685
14 7 4
-41568
3 56 248
25806
27 70 281
-31191
31 50 725
-26507
66 15 2154
15912
30 21 1464
30992
67 47 1037
-11161
11 37 261
-29941
11 7 51
34410
21 51 138
30218
40 66 1097
44978
12 1 49
-42223
10 19 1415
-1219
53 42 1833
31935
33 65 2
-44073
31 36 220
-5832
67 2 55
-47933
66 67 76
-35882
34 21 176
36759
46 28 862
14195
23 51 5
-34681
41 36 30
-47180
53 35 755
-1413
6 6 94
22052
57 57 125
37631
40 43 291
-34397
21 24 522
42233
17 5 72
-19505
61 64 174
-18805
14 18 352
20956
31 53 921
21514
56 69 59
20085
8 26 368
-24613
26 40 83
194
14 48 1462
39591
10 38 844
6028
21 51 442
-30534
26 32 61
-6662
28 21 100
-22548
2 69 413
-20686
5 16 15
-29388
65 67 355
8132
32 23 589
-2203
35 47 72
-26829
25 11 565
0
51 22 66
11076
29 24 274
-17553
8 56 690
-30340
38 17 38
-37924
34 4 655
-3817
7 43 196
-39050
22 24 62
-8650
30 54 490
-20397
51 14 1074
25555
39 31 499
-29693
57 7 112
-15494
37 19 730
-15275
32 23 48
25555
14 14 795
6968
32 19 47
29709
39 36 213
-39052
30 61 51
-23214
1 42 185
28272
26 33 8
47859
17 37 512
-36487
65 44 369
-39920
70 58 1166
43119
50 16 114
0
38 68 1271
27933
49 44 200
-33386
43 42 97
-27075
28 41 967
34149
20 10 508
-33084
3 62 81
-47727
37 47 68
39380
28 23 107
1222
47 20 430
-27657
63 58 904
42294
8 57 1440
16028
61 30 194
27938
49 24 388
-23549
8 39 1260
47488
44 42 419
-3468
66 36 1480
-11202
42 3 112
-5473
3 65 1835
37574
22 8 10
-49671
17 56 373
44792
28 24 246
37082
48 45 2687
46304
55 46 887
34568
50 63 593
-3817
24 17 283
-4243
12 46 77
-1986
26 39 283
19082
60 40 197
-20899
15 32 367
34989
35 46 49
-43667
40 50 781
42218
44 45 1200
40311
28 47 154
-11749
47 59 218
48216
50 61 39
-4797
36 68 3764
48786
23 46 104
-32715
33 65 32
45235
35 56 985
18822
18 45 143
37919
40 37 1292
3441
34 28 101
-36336
40 53 641
-30268
14 63 1011
-8622
23 67 1241
3635
56 44 255
25056
37 69 474
-10723
70 46 682
32966
53 63 349
-28389
56 67 632
48786
57 11 185
-34206
6 15 1389
1795
16 53 728
6291
26 51 55
8687
10 59 81
-11134
67 52 240
-40570
63 62 490
7908
32 42 1989
20386
61 15 260
-10512
28 70 238
44256
38 29 171
12324
43 28 5
-39883
51 33 131
21687
39 24 47
37410
67 58 81
-21012
25 18 2537
23548
9 32 79
33314
39 16 35
29568
70 12 1197
49549
66 23 833
39591
57 14 55
-26496
35 28 477
13913
6 11 418
-32218
18 22 12
-43185
43 42 1337
34208
38 21 135
-9029
51 58 373
-21731
53 4 560
20190
36 37 905
1656
14 44 3180
36481
25 20 984
-25525
18 63 33
15886
6 59 175
42186
50 29 581
34859
1 20 1163
36749
34 54 1902
18718
8 15 46
12119
42 32 680
17641
51 57 325
42080
62 49 142
-11997
20 61 40
44957
64 41 326
-8673
5 41 417
2884
68 6 231
-24934
20 47 1191
33995
4 70 2431
12851
4 50 920
20163
60 8 1475
44440
36 45 128
-6506
37 8 682
-23868
35 62 386
-10134
55 26 154
-24213
54 45 219
29406
45 28 192
23050
57 7 1137
5271
15 9 93
24822
11 24 115
-41845
11 48 59
-16986
29 58 929
-15612
62 29 2634
25700
69 68 677
18114
8 21 173
-42744
33 31 53
-22478
22 16 1209
350
43 38 412
35356
17 54 705
-28653
39 18 2590
29002
69 61 437
-13888
58 56 69
49940
8 21 1041
36831
52 2 700
46925
7 60 233
-23547
65 63 1569
24956
32 29 1620
38759
16 21 291
-30333
56 13 13
-47031
10 59 729
37574
50 30 1701
819
41 28 167
9955
42 9 2337
12119
34 19 599
-16941
52 11 166
-8798
11 21 50
-12994
22 4 846
46341
20 56 1449
2078
43 42 1044
21503
63 6 389
40507
68 22 243
-32125
70 24 9
-6878
14 28 285
-101
22 54 274
11724
9 44 224
-11132
54 41 1534
1560
36 29 127
44785
53 11 312
11018
54 70 1454
47744
13 13 67
46809
32 68 751
-1141
35 7 230
1932
20 50 618
-22805
49 36 9
-40110
55 28 395
16007
15 7 408
-28653
32 15 60
-40537
11 61 388
1579
15 20 2
-8650
57 1 3118
48735
21 41 1925
46697
30 46 1425
45823
43 21 14
-25429
26 1 115
17352
40 47 353
-13898
27 54 2032
23973
67 35 577
14307
19 45 202
-30423
63 40 155
-24934
60 20 113
-28215
39 40 198
2518
41 61 3499
49549
8 50 119
-35694
23 50 269
7297
44 69 3025
41028
67 22 68
-31301
66 70 321
-22799
3 40 19
2508
40 20 3140
25019
35 27 822
15006
3 13 662
27925
23 7 2497
13322
4 14 1820
42094
43 38 38
11057
18 41 204
-40537
6 7 1
39225
6 45 22
-45945
52 67 894
-12197
19 27 5
-49590
48 48 41
-41051
69 9 27
-45016
48 3 45
-5213
32 30 288
19746
68 70 2090
40507
46 48 139
-26520
56 54 391
-28271
46 16 256
15380
70 12 732
-24386
53 5 63
-9126
32 55 905
2309
36 33 242
20266
1 32 70
-21999
32 39 885
-27175
22 62 2959
30379
24 29 6
43474
16 46 14
-11151
1 45 2030
33748
37 53 25
-36393
13 64 41
26511
4 51 1566
48930
13 63 326
33046
11 27 64
18323
29 62 891
44815
43 45 119
-33045
20 36 838
14896
21 44 75
-20454
13 17 4
33736
21 70 26
-251
12 30 1768
46284
33 49 942
15321
11 36 156
38408
44 7 141
-4613
39 39 221
5404
37 67 1480
27794
54 23 31
25603
47 39 229
-27657
17 28 133
-44279
30 27 220
12989
39 6 1495
8307
38 24 1152
23050
57 10 56
-26963
31 16 1479
7228
64 8 178
-38406
65 29 17
-9970
65 21 1115
32218
27 4 753
29161
38 15 21
6535
6 17 18
-24727
69 57 226
-40077
54 25 1663
8990
31 64 2362
16294
29 20 329
-34930
65 52 982
-4583
34 15 567
-32592
6 16 250
10257
69 16 71
33437
34 3 38
46557
66 25 1743
3193
53 11 498
45181
50 37 102
6704
28 17 804
-20778
51 52 65
-28034
55 47 485
-25491
7 12 9
-48667
51 30 464
-37331
50 47 1251
44109
69 58 1216
22639
64 65 153
-42455
19 15 97
-1622
9 9 128
-32088
3 9 118
6008
63 35 18
-20077
35 63 643
-15494
65 59 193
-18094
17 9 996
22069
30 50 56
-40536
28 10 292
-30233
8 32 677
29282
30 8 470
39491
44 58 1622
46167
54 22 24
-34182
62 52 45
-19298
69 4 427
-10997
12 12 147
-34403
40 35 1040
49341
53 51 1759
39714
11 69 47
26501
56 46 32
-42788
51 44 965
6953
21 5 764
29186
30 10 97
27884
29 20 78
-15039
14 25 3436
49891
27 64 375
11069
35 15 2099
33431
59 9 46
-40650
58 11 318
9158
43 16 367
-2145
55 60 131
-43195
38 18 74
-32576
32 18 822
13258
53 27 465
49979
27 68 84
-42863
64 31 83
-35793
70 67 74
-45224
30 42 4
-16887
17 41 962
-8114
62 39 208
-36603
41 69 38
-42515
45 41 1439
-17125
19 9 141
16007
59 69 48
4917
23 61 367
9109
57 11 3
-44192
66 56 8
-38406
22 42 45
-41051
40 43 339
-2946
67 67 22
-48943
53 11 729
-14818
23 28 86
-46032
36 55 6
7595
30 42 293
8282
40 12 2078
5767
9 1 2
-48634
63 7 474
-34283
1 50 203
-20568
2 27 68
-8812
12 54 254
-7024
63 57 813
28315
50 11 456
-17179
5 48 655
17608
1 40 699
-2402
34 42 47
-21738
24 51 1309
13041
58 39 192
-31185
27 56 55
-43143
14 12 146
-38452
31 31 83
-44602
17 68 65
-39782
22 67 2750
29206
61 20 553
-24704
69 56 313
39382
43 53 775
-28577
12 49 16
-9191
7 45 1291
26182
13 50 2158
42104
56 63 2438
36634
48 60 1525
24110
55 52 189
-21881
6 65 111
-8711
49 25 123
-46072
34 20 91
-14241
65 45 201
-12746
13 17 192
-21095
61 60 1077
-5531
26 4 87
-12582
12 49 549
22652
33 33 1
40015
45 27 803
-12292
68 6 120
3960
30 15 625
13284
36 6 127
-43359
37 63 2149
2063
46 45 79
-17179
9 52 24
5677
25 64 76
-34395
70 10 31
-46151
42 65 19
-36661
4 24 1099
14195
16 34 711
16161
67 42 7
-49094
5 33 41
-32227
40 33 82
5709
21 9 163
13916
30 41 644
-24213
56 2 1977
46927
25 61 850
20402
36 26 404
26121
34 13 2229
6968
26 10 725
19001
40 55 262
-33635
61 2 558
15548
16 24 3
-15394
46 45 236
-2635
2 17 1198
12027
20 2 1597
38844
60 36 17
-48712
24 10 521
-22333
61 22 27
34410
8 23 192
-38193
19 65 50
-48017
11 15 1129
6380
47 31 450
21330
48 4 2328
8715
15 6 154
-36119
56 68 509
-19658
46 67 65
-48715
61 35 290
1656
9 21 47
20150
64 7 289
-10411
18 19 273
15044
12 22 2434
49096
15 62 777
38065
14 51 2174
22340
2 21 1558
16101
18 28 2374
28464
60 68 1383
-3661
40 61 681
-21345
22 28 467
-13808
64 50 442
-33386
41 52 418
-18837
12 36 263
-30677
50 64 824
-26871
58 18 871
2680
50 59 2364
21146
66 4 317
15668
42 57 30
-13898
47 57 317
-38414
3 17 213
6595
40 41 44
-48916
24 45 556
-18139
68 28 118
19429
11 26 15
40475
24 66 20
4048
41 63 512
12257
36 23 192
-42766
10 3 202
49093
18 21 65
-45001
35 70 2633
32234
18 58 343
-6385
4 34 441
26182
42 57 237
-19513
47 60 2832
39459
17 17 138
48694
64 37 167
15446
37 31 87
-18950
29 43 3
-41988
16 18 1224
8990
59 18 608
-19946
6 32 402
-40716
24 29 384
28464
53 65 1275
6224
24 33 19
-42163
23 61 2358
31103
67 61 224
-16747
61 12 494
-12054
15 8 74
-22856
57 59 2
-18617
54 39 277
-19345
39 65 94
42424
49 69 2160
16603
30 3 35
25178
55 9 1136
350
48 43 1478
34130
53 50 61
44687
17 7 20
-49199
51 67 363
-32125
37 58 43
-2787
46 48 1192
49979
2 29 10
-17942
2 68 3429
40627
62 36 34
-39656
38 10 321
21071
22 27 2030
-8835
61 34 458
-38686
40 57 662
-22713
25 23 224
-28438
23 30 362
11029
28 58 730
-24691
1 12 237
-9657
49 51 129
38641
59 50 941
45952
23 45 8
-49212
56 8 283
-9560
35 57 739
-26272
57 41 731
-9560
60 36 234
38483
51 47 3333
28001
64 69 124
31845
54 9 519
29161
57 66 10
47273
13 64 1071
-10601
18 61 1830
20153
12 70 933
24646
36 61 899
-7542
49 50 3066
27873
4 39 1022
-249
16 57 1812
2063
9 59 564
16442
68 38 219
18144
12 12 454
-29235
37 69 173
49891
39 43 4
30148
65 57 360
8282
6 31 163
-43578
7 65 241
-6891
59 14 353
44853
36 61 2056
32481
28 57 1197
-18783
48 24 476
13576
56 44 258
-18522
26 31 866
23093
17 40 354
-33157
69 11 75
-45016
20 44 825
-4426
26 2 538
-2885
11 4 27
-42628
36 22 15
-48696
63 26 869
-1795
10 39 61
-42009
36 69 28
-21419
29 11 815
-18806
31 47 6
-23547
23 12 1686
35913
8 66 196
-43113
41 67 24
-30802
49 38 258
2364
50 41 32
-21668
64 40 1771
48694
25 10 310
42190
5 3 16
-35559
63 51 360
-31402
35 64 32
-21999
10 41 466
28101
46 20 703
21765
44 65 21
47440
32 28 615
19078
23 11 563
30742
38 5 190
-29721
28 66 120
-32401
34 42 1538
41052
50 67 20
-37274
20 60 212
-23538
42 66 12
-46951
8 49 1703
35356
61 16 6
-23469
35 11 1
-48943
10 14 1059
44731
62 59 10
-39782
33 24 182
-22713
56 34 1215
-23062
33 33 144
-7758
52 53 685
-16070
28 35 503
13599
3 28 2084
9886
31 3 763
24776
65 59 123
-7077
38 69 128
25088
34 69 1058
-4673
19 3 195
26170
60 23 10
-13017
15 60 1021
31842
34 7 41
-12464
42 31 705
6953
35 23 925
45190
18 24 201
-24306
51 38 272
-12294
62 25 232
-15913
43 11 6
-45894
1 61 74
-43366
70 52 179
-44279
16 5 1641
-9697
15 11 4151
37309
70 47 2284
15427
47 55 1558
10952
22 29 130
-39225
39 6 254
-33979
26 53 71
29912
55 42 259
2364
11 39 274
-35194
1 3 70
-31265
3 40 206
13258
50 30 439
757
10 3 365
13795
62 52 1415
21233
33 7 2659
33320
39 16 48
49770
52 60 900
9030
31 54 348
-8899
28 12 362
-2977
31 33 600
-33279
29 56 8
-41429
16 15 500
-30311
38 10 702
6909
31 65 1546
23786
52 6 49
-1913
16 21 1778
43735
55 62 427
-6988
2 70 14
-45678
50 39 199
-10373
52 48 111
-13898
7 24 102
-43356
17 55 614
-35134
28 27 280
29356
22 58 57
-38956
14 55 93
-4492
2 2 49
-36119
6 47 42
42560
65 10 1773
31256
59 48 286
-14997
61 64 347
-7880
31 13 1032
-13746
17 35 699
25178
53 37 1038
-15950
53 32 871
15418
46 19 144
-33115
34 11 1393
30742
1 25 120
-18734
45 70 1366
-11052
11 55 1012
48098
37 28 78
-25596
65 31 30
38641
47 5 685
9391
15 56 573
16028
21 42 1846
40186
11 4 110
-40381
45 18 327
-20397
14 50 42
-9163
41 42 431
28159
14 14 1013
12378
65 44 413
-4840
66 22 2103
30832
65 52 1954
7716
46 10 271
-27255
60 12 1084
12119
64 23 772
-16653
15 5 2976
38611
17 21 422
-7763
53 24 300
44853
67 28 141
-11961
35 57 197
-5948
63 7 1008
39382
49 43 533
35244
44 49 114
-8650
56 51 1349
24193
62 32 1420
47972
62 56 46
-39618
48 6 1338
1249
28 39 259
-20568
38 36 1840
55
1 25 4088
46701
16 67 104
-44503
49 42 43
-35559
58 69 25
-22856
16 47 2213
-1090
26 20 43
16402
18 1 131
-29703
45 26 680
-16479
61 67 3
-49613
61 49 78
12398
65 43 208
-39920
29 9 730
8168
34 14 1206
22652
15 61 259
26038
66 2 963
34816
36 7 753
-6780
48 62 802
10952
60 8 1893
24201
55 51 241
-22145
5 54 32
10870
18 69 2234
44324
23 70 161
-31691
39 47 396
-11091
53 45 16
-27382
31 63 861
28647
31 21 156
10607
8 67 163
33035
61 70 420
48198
68 3 147
-1239
53 10 197
30383
35 2 131
-34348
1 1 282
-23259
7 19 372
35219
39 41 108
-866
10 60 602
17147
52 7 278
-9128
54 60 462
4091
37 25 2356
8536
42 57 128
-26845
4 61 513
-18573
36 39 33
-30482
20 56 11
-42628
5 47 67
12436
5 6 796
38040
17 9 3048
40721
42 18 196
-41409
30 16 250
43046
14 21 206
-17716
30 4 1729
4321
29 65 746
-9408
48 55 251
-18806
14 64 184
5252
4 8 1442
22458
45 3 3529
46178
51 44 170
35679
58 16 85
-13628
62 29 1559
15912
10 13 348
-37099
20 15 382
-11211
45 46 1441
22625
4 18 219
45545
39 3 13
-16712
45 14 136
-30815
39 35 552
7519
24 14 1189
-19096
45 41 2661
10081
34 24 72
-41180
32 54 552
-27253
60 47 40
9570
9 20 479
33736
18 9 249
-21317
46 67 37
-11906
12 16 891
-4856
2 33 412
-32778
38 68 731
-22558
34 15 21
-16052
43 7 204
-150
52 41 6
-41409
11 67 1097
21061
13 21 244
4595
51 49 1799
2356
44 44 403
33008
30 20 927
-10524
14 25 8
17462
10 25 903
41250
49 55 1330
-3995
24 47 602
-13746
42 17 18
-9464
64 6 2376
24776
49 44 904
-17595
53 70 515
14039
62 37 136
-14911
4 6 1028
12257
35 37 112
29118
21 52 29
-41685
35 36 15
-30157
31 2 26
-29404
49 47 51
25817
49 45 123
6376
49 50 1765
2323
54 58 3208
41250
2 39 1
-49211
22 45 115
15886
10 7 248
-36690
11 64 10
-33829
46 53 259
-38263
68 47 1816
22077
26 66 777
-5948
10 3 2638
46469
1 59 673
8771
43 49 2252
7124
68 26 397
-23902
1 65 85
-36890
16 15 110
33232
39 29 333
-2402
36 19 837
-15690
10 54 1294
13284
68 49 1195
-11773
30 49 522
29995
49 63 59
-32125
60 40 54
-41585
45 41 44
-40213
10 41 283
-9128
52 8 71
-27087
14 61 29
-38344
27 12 146
-9563
63 20 206
-4191
26 50 122
24805
64 61 128
-7546
35 50 2387
9570
14 26 674
-6141
5 11 745
202
33 57 294
16526
39 15 193
-43269
8 21 832
-18837
31 55 920
-22847
30 39 197
41525
61 43 263
17529
63 49 731
-23780
19 45 2750
42707
28 6 48
47859
63 61 1338
2680
63 38 75
-45224
13 4 83
-30009
3 53 2957
35029
54 50 547
-26159
6 65 135
-27868
16 25 2677
29737
56 29 353
-27087
60 20 810
-5887
58 27 124
2436
37 47 1004
33165
37 65 469
38291
33 34 142
-21165
20 67 618
-20073
58 65 7
40027
58 10 1048
-8649
28 18 203
58
52 55 1988
47488
25 66 1753
38148
2 22 131
-5324
16 48 173
-25782
26 42 48
-21865
53 34 355
-22542
23 51 953
39380
40 7 1793
20386
45 33 360
-7583
4 18 224
47415
6 16 2207
22846
61 57 1556
-429
62 55 616
3397
66 46 89
22652
22 39 381
37919
28 14 2308
14342
12 63 1446
-8590
9 11 66
44687
57 8 328
-24157
62 65 147
-2032
63 31 239
-24157
39 69 2361
23952
70 31 182
11169
1 56 353
12257
24 62 106
9469
27 59 314
20469
52 56 154
4669
35 46 11
38778
31 27 16
-37588
42 55 71
-12524
53 10 9
-49516
43 20 342
-38555
3 57 285
16755
23 60 56
-29266
63 45 383
444
8 4 930
-12287
54 9 25
-41518
8 65 648
-24838
48 32 455
-11701
63 6 1477
49772
67 38 3587
38713
4 7 2280
48351
20 14 9
-37160
37 55 399
-12287
3 10 728
10547
65 16 494
46089
5 67 263
-7546
30 64 1972
39767
29 15 1498
36045
26 45 8
-43875
23 13 1356
16688
52 1 156
-29128
37 69 825
-28039
21 30 1240
21383
21 15 911
-17267
23 28 431
-33514
35 13 407
-22794
12 32 515
8775
36 25 420
27622
28 38 571
49979
42 33 21
-44116
44 45 898
22069
42 20 88
27049
37 30 378
12788
38 24 421
-13437
29 15 467
8241
6 53 1281
10456
3 23 223
-1739
51 36 541
-7775
34 62 784
41310
64 47 261
49036
18 62 157
-29835
4 33 73
17922
16 28 696
38736
10 5 378
40358
33 59 1098
30822
62 3 367
-36050
38 4 119
922
12 68 1723
27424
65 50 113
-37048
47 48 74
1795
44 40 183
36832
3 64 364
-14409
61 25 2633
47595
63 70 179
17529
18 40 347
-4941
21 8 1976
-4656
8 27 791
-5101
26 12 505
-26448
6 55 774
9158
68 67 274
31669
19 3 93
-44060
10 32 206
2760
54 36 291
-9079
64 45 325
3635
49 70 288
-30482
62 47 12
-26346
66 22 147
-26362
28 3 579
-32527
6 15 397
5681
7 20 349
12436
15 17 1
-39083
44 15 108
-5474
33 43 601
5480
51 3 284
-1795
13 38 60
-37420
24 55 323
23050
19 27 371
24358
16 64 715
36750
67 57 75
-38344
8 2 790
-7718
64 22 48
-23852
24 67 3720
27502
53 58 5
20358
68 21 45
-30637
19 14 96
-43822
12 56 606
15548
7 26 315
-42796
37 6 3797
49608
12 59 572
34151
13 4 922
-5550
31 29 56
-44261
36 21 39
20820
8 59 93
-21683
64 8 670
-5237
60 13 113
-251
70 17 13
20770
35 38 2545
25583
20 7 35
-42726
15 15 392
-14180
25 44 563
-615
68 64 434
-27086
61 62 725
17570
36 3 3124
23202
27 66 1128
10654
28 55 566
-6011
63 65 752
47166
29 70 10
-46669
1 16 216
-37420
60 6 616
-14911
24 1 11
-27868
19 61 292
-3963
69 31 1581
9991
37 9 367
30779
53 50 16
-27096
32 40 349
3107
39 53 892
21538
4 15 497
3527
17 46 191
-24727
17 16 378
-30594
9 31 1766
39565
4 60 36
-44087
14 51 2145
-6192
47 53 1
-45226
38 40 178
-5887
27 4 1752
27498
15 60 1172
-17201
17 11 334
-29652
56 56 240
18822
51 61 131
18224
28 4 83
-41750
25 18 1246
15710
37 50 593
11648
52 69 330
-24996
11 49 861
28806
60 10 103
-29762
20 47 3009
20758
22 36 202
-23549
45 46 2
41453
40 65 685
35904
47 54 1315
5243
16 32 1754
24783
23 45 605
-14738
34 63 644
-15235
62 35 737
-18654
59 23 1431
30815
43 2 29
-36348
27 15 581
13322
5 59 697
2373
53 26 179
-3307
68 48 785
12220
62 10 18
39236
1 39 260
-6414
24 48 873
-101
28 2 17
-17984
46 37 359
12679
12 18 2046
31181
55 39 149
23737
9 9 1608
2748
66 59 1084
2185
62 51 202
-15804
31 15 40
-47608
37 37 42
-40185
39 8 868
-1021
67 35 304
46330
26 8 758
36308
35 50 107
-41982
56 15 450
36832
11 29 2022
-2076
60 29 1598
35243
52 21 1989
32179
48 8 463
2680
62 37 85
-45849
35 34 236
8059
23 60 765
-15612
67 67 22
-47596
38 70 6
-35264
63 12 20
-25490
26 60 15
-38202
24 69 176
43506
30 34 404
-36073
69 34 71
-35694
49 20 377
16857
54 33 1119
40312
70 25 131
8078
70 41 2312
48722
26 10 13
-41684
35 5 186
30148
52 43 415
4561
27 54 395
-21512
25 12 29
-48950
25 6 2167
19073
64 40 1037
38452
33 70 1150
30353
10 2 115
-40812
5 27 789
49796
54 41 1088
41416
68 10 569
-3953
15 33 436
-18686
25 36 714
16007
42 52 292
-41073
2 27 1729
12094
31 7 133
-45598
35 20 71
-46731
47 31 1523
37398
3 47 376
4561
44 51 3684
43757
59 22 1043
-7638
63 45 594
23962
47 56 1556
18315
38 19 383
45575
12 37 1052
9983
13 62 385
11901
66 63 689
-14996
29 57 898
37919
43 7 162
-43134
52 26 88
2309
4 40 438
16651
34 46 111
-44014
8 62 507
17154
61 61 1
-29128
37 15 698
43286
64 51 151
-34803
8 60 2565
15570
51 7 1219
34758
63 66 64
36801
4 69 166
26121
61 20 906
45749
48 3 1002
23274
23 49 651
-30009
23 6 172
-29947
56 1 429
47488
12 50 844
-5804
42 7 1011
-4236
43 25 127
-18734
60 56 768
28639
44 50 349
-26603
64 67 1264
49991
8 42 632
11111
31 12 381
-27174
36 16 62
-17568
45 10 198
-23546
14 24 546
7260
12 68 121
-32521
21 53 440
-20036
17 15 973
-8069
32 19 735
-15542
6 30 42
310
69 63 430
-6626
43 59 112
-36943
3 63 480
-3734
8 6 533
45194
52 20 1264
12912
25 27 1
21972
51 1 742
18990
51 66 534
42707
52 24 1330
46469
66 11 413
-14506
67 19 1633
41834
51 10 1225
-12040
62 19 2583
45803
52 60 347
45510
66 38 15
-13017
3 24 320
13913
10 49 2117
49074
26 23 1157
32654
15 45 83
28464
32 46 166
8857
69 50 301
-26829
43 60 511
38963
9 45 376
-21999
70 26 340
-3586
69 59 926
44957
2 55 39
-44261
52 50 364
8629
6 20 984
16172
55 43 167
-40050
70 39 1183
36878
64 46 2555
10582
28 4 796
2942
7 12 384
-1233
59 12 1990
23653
33 56 715
40475
42 54 1239
-18807
16 41 1538
24971
42 60 337
-36567
32 59 67
19032
8 23 942
-19034
15 12 187
23052
28 14 605
39081
32 23 239
-30764
54 22 23
-42628
4 38 1264
5660
39 62 720
2087
52 42 1329
32132
56 31 217
-5647
59 30 899
21937
43 42 117
-38572
58 42 838
7545
67 17 328
4561
32 39 106
-945
27 34 8
47577
19 16 1455
29132
2 66 682
10594
13 52 2502
43226
49 23 2845
24118
55 65 23
-21012
44 12 372
-4183
67 36 85
-5213
47 22 1571
3647
19 12 6
-45362
45 66 103
-39184
29 68 292
22625
32 43 47
3077
2 50 14
-44875
67 3 1875
26070
60 33 298
40475
33 68 33
37350
40 30 110
29289
43 68 386
-14513
57 67 158
-11997
18 65 991
-7771
6 32 3930
43170
51 70 260
-43726
35 36 1631
10435
29 28 3071
49772
59 9 16
-48944
64 37 492
15380
5 23 18
39236
47 15 549
-22921
10 6 51
-45001
22 50 486
-1751
9 47 984
7599
54 15 454
-22162
50 35 1521
41052
39 20 1085
48999
4 38 26
-49024
36 28 348
-25767
52 52 893
41070
26 58 1125
47166
21 32 300
-4673
51 55 113
-46691
14 5 82
-17212
32 4 95
-37611
20 69 341
-17635
12 50 253
28586
63 32 480
9158
28 25 2261
24783
54 16 597
10875
28 63 862
30189
10 23 2801
26519
34 29 317
-10512
35 61 900
23304
69 23 2236
22188
2 60 234
-36603
24 36 218
-30865
24 20 192
-30956
61 16 64
-36741
14 10 231
-35810
37 17 475
-32220
4 11 281
30161
26 69 35
-48649
63 58 535
-2884
68 60 1469
17147
65 68 100
-45868
33 11 1727
16857
15 2 116
-38752
21 5 2146
33172
40 42 336
-24934
29 32 1494
32164
55 41 188
-27592
55 63 6
-3307
35 20 116
8455
5 21 32
-38572
18 22 643
-2457
17 29 784
-26346
70 30 140
-6378
4 46 552
-27625
49 54 944
39588
3 3 614
-26448
12 57 319
47488
61 66 255
-40789
54 25 23
-2457
54 50 433
38759
60 3 257
-14416
10 32 467
-16390
69 33 20
-36882
66 4 666
21061
9 50 889
-25561
48 4 5
-27868
8 14 638
31999
20 61 28
20213
8 18 1514
17236
8 61 734
21180
56 45 967
23085
6 1 259
15109
55 23 444
-8090
65 5 8
8168
9 22 138
-21108
40 11 894
-19946
2 50 337
21838
67 4 409
34424
12 59 1297
7780
46 10 33
-38251
44 46 53
18656
40 3 90
-42906
61 66 43
-21012
12 68 474
27934
36 45 414
-27343
65 46 135
2680
20 52 417
10973
28 57 963
38607
27 65 26
-44888
16 25 24
-39225
2 40 575
-36477
16 39 14
-35009
12 30 831
17778
5 22 308
-2032
20 24 3
9073
67 32 536
-15038
12 26 524
26153
