26 23 2895
34192
41 28 385
20033
67 34 83
23170
38 62 1234
20901
8 49 351
28526
43 42 665
-6018
34 29 3150
47736
51 31 209
12324
3 53 321
-35756
33 19 1237
38713
56 10 395
-34720
41 60 2251
36237
21 33 343
-26507
18 45 828
-7775
19 60 417
-10290
1 24 1346
25555
51 23 67
-42978
12 28 11
11566
59 14 71
-20627
23 5 2908
35244
64 57 130
-38441
68 51 955
42614
33 54 340
-8102
14 62 884
49275
41 40 31
-48271
36 59 184
-3644
1 2 2003
12729
22 68 135
-31578
57 26 321
-27232
60 60 1799
28159
28 61 2482
7780
35 44 4038
47454
49 16 1
-48634
67 57 97
-45849
49 52 36
-3705
28 57 23
32800
64 68 1270
12912
21 24 57
-30546
19 25 23
-48932
9 53 54
-20103
58 17 63
-36348
49 59 243
39591
6 21 7
-14039
56 67 1952
27049
28 43 250
-36477
1 7 216
46898
32 30 45
-13943
44 28 337
-1548
18 4 627
24977
53 23 954
23786
45 4 260
-819
13 16 1380
16651
33 48 474
-12197
53 5 84
-24872
46 50 849
-3425
48 4 417
30729
12 32 21
47577
24 64 2328
12739
58 10 3455
33172
7 31 1520
23663
6 68 1734
22138
1 10 664
7908
21 22 221
-43102
46 14 23
-25429
9 15 1015
-13943
34 68 383
-32327
2 0 289
-30253
19 48 660
39415
33 44 3360
40485
34 18 187
-42911
51 54 507
-38263
58 32 315
-30905
66 11 287
15152
15 21 347
-31875
10 44 276
-31097
46 60 27
-41443
45 47 520
-28189
41 15 65
-46649
29 60 6
-49718
55 9 1320
-16954
59 31 304
16838
11 68 763
-8653
20 27 219
-31681
1 37 1983
11288
25 44 153
-13964
58 61 1
-24580
5 21 1144
22639
48 49 125
-42796
33 6 20
-43667
55 15 685
-7373
53 26 172
-31701
30 3 1013
-9913
13 27 181
-30005
63 30 884
-17322
29 42 695
-29943
28 36 891
32481
63 32 760
30803
16 27 446
-26011
9 17 1721
41168
54 50 2267
21670
25 54 3454
49873
20 53 231
-10375
65 38 607
19948
37 57 20
45190
47 66 49
-47574
13 19 138
-10290
48 11 78
-27603
37 57 216
-37510
59 36 1132
20872
5 36 751
22828
9 15 93
-8711
36 18 16
-40637
3 16 5
-17448
20 33 82
500
38 16 672
25240
6 62 711
23767
24 29 4
29488
11 62 224
19637
21 0 200
-42223
8 15 195
5119
60 46 233
5719
65 51 805
17570
57 41 92
-13783
37 9 16
-17568
13 59 605
31175
13 64 204
-6685
2 67 135
47577
37 1 52
-2984
61 20 1552
49096
8 45 1376
37479
0 1 264
23372
54 5 2395
41573
44 67 122
26182
54 37 2466
23170
33 3 64
-38263
60 22 79
29494
21 19 638
41129
37 12 1581
9747
66 13 113
21449
39 68 62
-40633
33 0 625
-2366
59 26 496
1259
15 48 123
-10900
50 35 18
-19870
49 62 1711
31116
40 48 466
129
39 18 251
44661
67 46 292
37398
44 31 210
-40426
38 2 1487
48930
58 6 1844
14575
47 26 41
-36882
49 37 335
-32379
5 10 819
46250
61 44 855
-818
36 38 728
30803
49 47 813
-5074
21 7 802
33182
61 8 3159
38041
41 22 276
8830
38 68 497
-24000
44 39 1057
44103
55 59 1157
6380
18 32 78
-21015
5 18 11
33437
11 50 7
-31145
54 27 1309
20469
44 14 1048
-7926
57 45 254
-37588
43 6 880
44631
69 21 119
-39878
54 25 249
48840
58 29 1026
-10781
14 48 2218
41738
32 49 1256
34283
43 43 896
352
7 23 177
-27174
11 63 191
16857
26 0 355
-19359
26 35 288
2502
27 10 127
-39782
33 69 39
-21706
38 0 841
46578
48 65 1146
-7918
41 40 56
-26584
40 19 126
12027
69 7 144
13209
19 44 143
37652
1 12 219
12652
34 61 21
30218
39 61 4088
45220
65 50 878
2931
55 50 287
-32088
53 5 91
49275
38 57 657
-433
68 60 231
-19552
47 40 469
-36050
56 34 348
-2135
42 53 249
380
42 26 35
8473
44 3 964
-101
55 29 955
49991
13 50 1454
-8580
61 53 972
19723
58 46 1110
2680
6 7 40
3682
24 40 371
-24441
8 44 18
-46521
35 67 467
5243
7 23 493
19655
45 7 271
9681
22 18 1014
6953
34 46 201
-35882
36 41 2075
34523
66 26 98
-43356
26 18 20
-20627
55 15 965
3553
29 11 635
4244
17 43 85
-21095
67 18 30
-34048
8 50 464
21503
42 12 442
-7771
66 56 50
33437
32 55 722
-12647
32 21 1558
39714
26 12 176
-12499
31 37 322
-30185
32 23 50
32966
0 9 422
-34501
68 19 33
-17553
3 48 1687
4976
12 62 1080
47889
47 22 483
-24996
23 29 166
6580
5 62 863
33320
31 67 12
-42685
27 47 1057
-7154
35 9 35
-21173
2 63 545
-25442
21 16 155
25707
9 29 1184
-1695
68 15 376
35890
62 7 942
32063
59 69 1241
42094
69 0 175
2508
3 18 3
-26100
15 31 1046
-17716
35 18 589
-19939
61 54 619
32472
58 12 250
-34381
17 29 2149
8523
33 40 324
38148
37 21 37
-22427
29 14 388
19899
9 61 1885
47325
39 60 993
-5919
55 22 494
-2662
51 20 1298
2185
53 69 12
25240
31 22 151
26658
3 54 152
-40050
55 49 1277
-2805
43 24 303
-1261
51 48 29
-46762
62 12 535
6416
24 28 3
36634
56 46 345
-33507
67 10 1689
-11618
44 39 342
48751
10 7 372
29432
22 29 4
-1137
47 68 725
-2077
23 53 97
-46722
1 38 327
11660
65 19 811
-27343
3 67 443
9684
13 30 2590
49549
69 9 35
-5474
69 42 48
-5809
16 53 86
-46762
25 20 1447
3078
24 1 333
-36317
69 49 48
47169
7 66 240
-27663
16 21 99
-40452
68 63 744
16755
61 47 510
-37048
37 45 42
-22145
36 55 12
-4856
36 65 882
26556
57 62 276
-10316
48 36 1556
39356
34 48 843
-27343
52 69 557
1769
47 31 1602
-11798
24 53 173
19078
57 15 135
28315
42 1 125
-25428
60 63 323
26526
55 59 16
-39819
67 42 421
-27479
57 25 193
-4788
31 18 692
-29072
17 48 85
-39693
17 35 155
23962
26 20 113
9685
2 58 305
-29979
34 23 383
-15048
22 25 2
-15394
15 48 2673
30111
29 39 1057
-14704
58 50 88
-17127
54 44 3521
41738
19 56 492
-8653
22 55 280
-12882
16 41 441
19209
56 68 1640
24201
54 58 982
-13575
23 10 310
-7036
36 64 93
40650
61 34 41
-17127
43 42 23
-49141
57 12 11
-45307
30 34 507
8990
66 26 56
-13783
12 3 73
-43204
8 42 1729
33518
20 26 1
-25824
68 54 995
21661
66 0 4
2610
15 54 159
15814
10 64 52
-2284
49 59 146
45912
63 53 115
8241
16 45 9
-49676
10 49 2896
31459
60 32 1419
39072
12 69 143
4469
30 53 1055
21810
67 46 760
189
61 68 693
47796
29 15 2182
44881
36 21 2421
32614
22 30 693
11998
17 8 20
-33611
61 44 92
-44116
44 10 439
17641
67 26 612
-32715
9 48 390
34862
3 69 508
-11128
41 3 16
310
55 65 1
-43010
21 52 340
-35454
42 8 193
-2135
40 24 33
10050
35 35 55
35679
45 49 1383
44311
16 58 12
-21881
25 48 663
9474
3 48 214
14511
26 35 109
-16488
8 2 816
23548
17 51 252
30803
42 35 1112
-25786
24 28 977
48694
24 0 48
-10122
40 61 1120
-8876
51 25 505
26542
19 47 13
-44087
68 64 242
10426
46 27 324
20746
25 6 3
-43010
33 42 299
33518
41 64 3216
47032
55 2 289
17515
12 54 466
6544
24 6 1172
34127
59 14 44
-42820
57 59 586
33060
15 65 16
-40371
7 16 10
33320
63 17 9
-43875
36 44 122
-28642
56 4 299
30960
14 38 1174
4648
44 48 30
-45462
47 7 369
-23902
27 30 199
-32352
41 63 1197
-7921
34 21 252
13941
37 25 1083
23786
5 5 1548
41416
4 17 111
-44017
0 60 20
-19997
37 40 3
-29404
5 12 20
-31363
3 19 1351
12729
35 69 133
-45804
37 44 6
11018
53 41 286
-29703
61 42 131
-44606
53 7 598
-35281
20 14 483
-32220
23 57 21
-34416
42 62 55
-47254
59 31 1616
6525
56 39 1521
16364
9 17 1920
32264
26 39 50
-507
18 59 1496
48786
24 9 188
43735
13 68 1086
11076
0 19 3646
47618
6 35 30
42190
65 56 1452
-17277
2 19 141
36375
42 21 704
-507
25 47 694
-3298
26 24 12
-27849
15 48 2072
35765
51 2 384
-14409
53 16 142
-31458
3 38 360
-37140
65 10 186
-21345
11 67 529
10607
38 44 6
29772
25 24 542
-23852
67 36 26
17140
64 22 1298
10713
36 20 708
43540
56 47 27
-48220
32 13 204
-37048
17 27 285
-27719
5 0 1518
48351
69 9 525
32668
43 16 449
-30905
10 19 259
37726
39 26 66
-21345
56 68 148
15560
40 12 704
13475
19 43 197
9109
6 27 1594
-12583
29 26 3242
24757
69 68 466
-19946
2 18 1032
23170
63 62 160
-17254
15 13 282
1266
3 63 216
-27592
24 5 206
-41673
17 33 11
28438
55 66 1609
34651
67 21 22
-48047
61 36 152
-15916
27 11 1219
27622
46 58 281
-9657
8 22 79
-32817
18 40 953
28315
18 33 196
-23915
66 11 280
-40789
50 54 45
-41555
58 45 223
39397
17 32 566
30189
44 62 1234
36749
18 52 233
43506
42 33 798
22068
41 23 268
28774
57 54 477
-35488
11 34 20
35379
53 68 581
5709
69 44 15
-40296
1 11 965
35356
12 67 1162
6461
54 62 248
-31691
31 18 582
-33523
13 65 247
-2793
16 47 2166
42250
2 46 1728
39429
51 62 199
36129
7 1 29
-42776
46 14 513
5411
41 35 152
25056
22 37 948
-6385
15 67 1581
44719
61 2 76
-2
57 34 149
-42698
4 21 575
49415
9 3 1664
49275
21 8 213
27124
10 13 7
-49024
67 45 66
-488
42 64 34
-40223
65 17 213
18571
44 53 374
-36730
28 62 5
-49456
19 42 64
-36073
61 5 66
-11234
62 40 31
18534
26 52 64
-36336
56 56 446
42218
39 11 778
10718
29 4 677
7297
40 2 1273
31116
19 43 660
-25104
5 49 2684
10568
6 51 176
18515
30 51 280
-5213
31 21 352
40015
44 66 1524
5660
47 18 498
-19915
50 2 1360
13407
18 20 3
19870
42 11 131
-22629
20 37 475
-7758
20 0 1717
11121
21 24 406
23952
30 38 173
-879
58 43 949
35712
51 60 536
16072
33 41 374
-32576
67 65 36
14167
24 60 430
12304
4 63 461
-22799
54 28 244
-12746
0 52 323
47166
48 4 2278
4091
31 32 1512
29709
52 31 27
7716
21 14 2320
13385
66 32 205
-7548
44 20 346
-19170
59 6 16
-45212
2 28 424
-24747
24 14 11
-48712
44 43 239
20033
41 50 17
-46405
7 43 272
-1635
48 36 230
-22713
0 56 3
-46938
54 1 182
-14416
1 13 2962
19017
64 53 52
30822
67 67 516
16625
4 8 4
-48476
15 50 1150
37755
58 69 56
16264
36 39 504
12446
67 59 468
47120
54 7 157
-13663
33 34 143
-35810
30 27 1093
41332
55 56 201
18123
25 67 26
-48917
12 48 359
42614
15 37 14
19414
37 7 23
-45804
1 39 449
32180
39 50 117
-23299
38 16 19
-46277
33 40 2607
13209
11 29 112
-22713
10 28 915
35227
1 23 129
-34028
66 7 1326
15044
27 31 45
6742
19 2 1524
13591
59 11 234
-36567
63 0 644
-16579
66 27 1303
17529
5 11 579
-37611
38 18 94
-39440
2 44 437
44661
28 30 973
10538
64 64 2770
17634
11 52 1002
-18296
51 24 259
-42796
44 37 629
-10512
25 19 34
-41616
19 55 145
-6464
44 69 229
-20544
3 53 843
9833
16 57 707
44966
1 38 108
49667
26 39 456
-3425
67 8 46
-27735
4 57 2367
12378
13 56 708
-10512
15 32 604
-2946
5 20 107
-29108
68 24 134
-22022
38 18 711
18199
22 41 852
-7098
56 58 1080
22157
65 18 189
1751
43 34 920
-8918
2 67 135
47408
10 24 60
-14039
19 57 117
-29997
35 56 126
22051
52 16 462
20677
14 12 236
-15548
20 52 60
-46722
26 52 301
-19730
45 13 1185
-5134
41 18 696
-4236
55 27 748
-5919
16 60 45
-46691
49 66 1028
35890
32 35 182
-32039
17 16 65
-23546
15 31 5
-39928
61 61 247
42187
57 28 30
-43599
60 24 697
21917
26 26 1
21972
53 46 861
-818
57 62 1807
23093
29 63 607
31936
12 30 17
40475
0 62 712
-14704
41 28 556
40696
43 43 940
-7926
59 58 1296
42701
55 12 43
-47431
0 27 1064
-17298
65 5 1049
5118
6 8 3
37145
12 59 23
-41049
25 39 819
18075
37 48 813
45432
1 5 29
-11798
56 13 98
13469
35 6 8
-30371
55 21 737
16098
44 6 277
38593
12 6 1254
27477
31 46 311
-40789
28 29 2
38945
0 4 166
26153
38 8 1444
27938
32 34 1164
36832
38 5 92
-23547
43 11 90
-44596
52 23 1154
44459
37 60 940
-3957
24 15 1293
47964
6 47 194
-33115
6 36 79
-28243
31 44 1942
36119
0 63 194
43226
57 51 11
-48964
50 63 1327
48781
11 57 2001
12027
40 14 1668
2881
24 32 1551
-14997
60 61 52
-12595
32 4 1188
3796
21 62 123
18001
40 23 1505
48694
55 38 381
-29700
62 0 1287
6461
13 44 150
-44600
43 59 153
19746
52 23 655
40053
65 50 405
-12705
29 52 40
-46479
9 14 224
-34766
0 45 68
-45066
32 49 295
49082
13 2 332
17570
4 21 1276
49940
58 59 209
-5324
56 22 33
35994
33 63 1100
-26346
6 29 229
48555
47 15 1013
20950
17 11 271
-26240
26 47 63
-28271
9 8 25
-45322
31 31 2008
29709
22 57 540
-27905
19 26 117
29845
53 6 286
3118
1 24 1172
33004
10 18 480
45295
69 32 171
-36831
52 40 1217
4595
14 8 25
-11435
56 9 248
-2805
26 6 1314
15166
56 67 589
-27075
53 26 883
49979
64 3 343
20758
32 66 356
-2417
50 21 1060
194
0 17 1181
18911
6 11 2578
8830
31 68 2616
19217
30 42 227
2610
21 18 10
-35683
37 63 1376
8307
2 35 535
30353
11 9 3019
38033
1 42 294
-18430
68 56 2721
21765
62 49 628
-6780
18 1 1168
49234
42 51 516
-18734
8 16 1
-39083
58 48 2828
16101
35 59 37
-42803
62 35 359
-16194
63 0 18
-46731
50 32 1218
29706
44 12 15
-45370
50 10 76
-45052
37 55 252
8830
32 8 372
30218
54 4 621
-488
4 26 43
-47899
6 10 4
28647
7 9 2253
44785
54 14 83
34775
16 11 408
-36414
67 40 172
6265
12 45 727
-26194
15 48 441
24761
37 24 810
34531
61 29 389
49903
52 54 326
30580
54 5 257
-38860
69 33 147
-37420
9 4 130
17477
53 16 1471
29206
28 61 512
-3957
13 29 21
-44070
66 32 247
49685
1 15 230
27246
3 57 1060
-24691
7 68 51
-43356
60 25 75
-7718
42 41 28
-42766
28 67 1319
36900
24 18 1187
34951
41 34 606
47592
50 10 654
25697
25 61 294
4091
20 15 1593
-194
0 42 221
-22806
24 44 50
5677
10 36 556
34979
59 37 2605
39565
4 30 396
-39943
26 4 460
-22856
35 34 586
43474
18 32 1680
44820
56 34 21
-40296
30 4 269
7183
59 5 239
-44261
17 22 318
16526
55 8 53
-42310
33 16 789
45545
3 34 750
13475
65 57 71
6406
9 11 24
-40428
40 39 754
-22866
47 51 651
-17212
36 63 695
24112
8 49 1783
25280
5 13 416
34373
38 25 1929
-5473
48 4 43
-38202
19 43 444
49415
18 59 866
12446
34 21 192
47440
11 38 320
8775
66 34 236
-39466
9 34 239
-5914
54 57 3
-48476
56 25 2389
34283
48 61 603
34780
22 54 155
-21514
44 13 14
-16712
7 22 349
20872
3 55 19
-15804
39 11 54
-42525
25 41 291
7063
15 7 604
29513
37 41 1923
16869
57 40 2780
26612
36 53 20
-41568
48 52 90
-28752
28 19 4
-41619
35 49 821
31842
37 40 109
-19956
57 69 267
-8835
43 22 103
-42776
53 19 173
47279
28 26 28
-14609
46 13 83
-45868
2 46 13
-39552
32 58 18
15548
49 67 569
-12583
50 39 1692
39834
45 54 401
-20693
54 7 646
49036
23 22 378
-1233
19 5 35
9983
10 28 1309
9109
31 21 253
-27174
44 9 210
-32327
21 66 1771
-756
26 0 439
-22068
24 29 4
29488
13 17 185
-33274
69 29 146
-1732
9 3 84
-32576
10 12 121
30015
7 25 278
3647
58 26 185
-12321
62 27 778
-17254
0 1 210
22194
56 25 258
-8663
6 67 776
-9408
28 51 174
-29997
0 62 352
-9202
4 45 27
-26689
50 39 630
2308
27 39 448
9570
39 16 971
29002
42 15 278
-34416
35 37 687
47109
40 38 313
39737
58 60 312
38607
43 22 836
-1288
41 36 26
-48062
6 19 3087
36166
26 19 108
4987
20 60 83
-25491
33 12 46
42779
16 35 74
37410
0 1 1060
33697
22 41 322
-11366
13 62 91
-32220
0 45 605
31115
57 39 221
-31145
18 63 363
27873
56 51 8
-47077
6 11 914
25697
2 44 32
-32259
18 61 156
-251
24 26 3
23962
0 3 610
45986
58 1 739
-9853
44 10 874
-28111
9 9 31
-49180
8 39 293
-15916
43 59 174
-312
16 62 1089
55
53 17 30
32372
8 58 469
36925
34 32 5
-44179
42 6 419
-28626
32 41 808
44098
65 21 542
18227
29 37 77
47348
53 24 1
-49524
48 23 809
-27452
18 30 1125
30815
21 69 300
-39627
1 37 618
32481
63 6 89
16264
38 38 1
-29687
28 13 26
-7543
42 63 544
44687
30 36 203
42210
21 29 828
-3661
33 36 263
20976
34 1 275
-40189
13 19 991
-6446
25 38 12
-34416
57 13 3
-48724
61 62 162
-11151
14 15 485
-7611
63 59 540
-11740
13 30 722
-11928
21 67 159
-28034
10 11 1141
-11906
52 45 281
-3307
54 27 2193
45575
43 38 548
-2915
62 66 12
-34206
10 65 328
-23062
23 45 455
17893
2 37 44
-44798
8 45 46
-45462
46 20 21
380
45 30 43
-42685
22 36 8
-40215
7 13 1
-37067
12 19 159
19217
28 0 22
-12396
8 13 690
-28074
52 50 8
-46737
0 67 345
-9619
24 47 22
26434
47 25 518
10257
2 11 2636
41610
25 35 264
-9943
58 54 2020
24112
45 45 1
922
6 41 35
-16070
1 41 97
-11151
24 30 124
-33988
26 69 6
-47593
17 23 62
34244
26 68 61
-37681
39 54 104
-32631
55 31 9
-35614
61 43 1334
41653
39 12 178
-36414
20 37 615
44785
51 39 111
-30205
16 43 4
-49933
6 14 144
-44592
16 44 39
-9179
43 51 10
-49024
42 17 5
-33325
18 45 173
-28917
5 19 214
-24362
17 34 678
8629
45 65 33
-27603
49 59 2454
13916
7 46 2836
38718
25 39 923
3736
35 62 2518
45803
43 19 152
11205
52 10 983
40539
55 29 43
-34395
25 50 308
-3307
14 15 863
10654
6 37 28
-37175
57 53 302
36129
53 35 152
29009
6 18 3454
39565
3 21 19
-24580
69 15 44
-26493
53 45 121
-36882
63 0 218
-10316
68 61 350
-22611
17 45 910
-5280
62 31 57
-47128
57 67 1544
12027
36 46 134
42707
21 48 1080
-4673
33 8 2
-49180
7 8 162
27275
56 9 18
25238
21 64 1
-49783
19 31 373
25718
23 19 927
24733
25 7 324
-22152
28 29 2
38945
33 24 139
-11190
46 68 1245
-507
18 35 568
-10375
58 20 90
-28492
60 18 92
-26100
30 15 491
-2065
29 64 423
-6258
33 68 398
-36317
60 3 13
-46374
69 26 1386
-10691
6 8 110
-2349
41 25 105
-35194
14 5 541
37652
44 19 1049
-6616
2 44 371
-28066
64 19 779
5357
40 27 628
-15793
58 6 126
-17127
20 69 5
-37637
65 51 2302
32654
28 40 8
-47933
28 50 1556
31235
69 18 86
-33523
33 22 90
-22856
50 44 845
-2885
30 34 145
-43887
42 28 99
-12000
52 17 2569
44978
42 9 32
-19946
25 15 903
37038
38 19 41
28655
27 45 862
-2145
26 40 40
-5213
9 61 454
-23546
14 37 20
-43689
21 62 1135
21788
20 47 160
-38575
18 51 53
-19702
47 4 1362
9073
38 43 101
-23473
9 48 575
-5101
44 36 102
-22629
3 30 688
-26152
8 58 581
36585
25 28 829
14297
17 56 2490
9059
43 66 508
-18805
45 63 149
-35614
23 13 27
-43550
64 35 1294
-11813
16 14 2116
47263
36 12 636
9955
44 15 96
-25077
53 26 32
-47457
24 48 307
5271
26 26 2970
10050
36 5 153
-43949
54 9 158
43506
1 10 72
-10132
7 62 2
-49043
14 62 313
-24157
11 28 558
-1259
30 34 200
19592
46 18 114
-24823
56 7 772
-15058
2 4 303
-2457
48 46 5
-42117
19 28 8
24356
10 69 239
38452
35 57 1327
47950
16 57 112
47408
69 41 2
-44606
63 6 77
45141
10 23 761
-24641
22 20 14
-33115
9 31 18
28528
0 2 1
-32303
43 2 790
-23299
4 14 1895
13162
35 17 1837
-809
18 23 859
44320
2 60 138
-28917
55 53 3
-47574
62 41 80
-9563
7 19 184
-10516
44 52 846
-9163
48 1 23
-28271
55 49 231
-5101
55 35 11
-45016
39 44 942
37946
61 0 1197
39778
15 62 558
11036
20 8 203
-43113
61 5 47
-32715
49 67 214
42453
13 38 204
-10601
1 7 89
-18086
37 10 569
34523
48 27 181
-26871
57 69 270
4863
49 51 169
-13898
25 18 1530
-1141
49 54 141
-35969
35 3 94
6909
20 43 94
-32220
4 23 593
-3644
65 20 62
-36073
5 24 7
-35793
68 14 1467
40061
62 52 1996
29081
20 26 1
-25824
14 19 834
-3590
54 56 1064
20493
13 3 2498
37359
2 65 1552
46557
10 19 242
31459
27 47 400
19592
37 62 368
-12998
63 43 744
-194
39 64 1095
21158
29 32 272
28403
35 8 463
194
42 38 474
-31691
10 26 187
-17132
56 32 500
11473
55 64 259
20490
49 10 1871
35356
39 34 890
-21108
53 36 456
-11701
8 58 139
-18617
6 27 24
-32125
24 28 70
41371
39 3 143
-1986
23 31 2521
44175
23 31 2
-48061
29 51 83
36129
69 6 636
23873
29 47 522
-34762
19 49 175
-36414
13 23 2277
6345
30 37 466
13827
68 33 1965
-2145
53 0 1898
27498
0 14 197
40731
5 58 144
-29943
6 38 289
24748
49 42 343
22001
51 14 10
-11822
19 35 264
-31547
55 28 289
37304
33 7 264
10802
6 35 20
28136
12 47 330
-5919
24 33 1344
19993
13 56 291
-6034
37 65 21
13795
66 8 259
-21108
68 19 64
22991
54 18 8
-26100
68 17 20
47984
46 34 1203
-2731
39 69 1383
18822
13 34 17
30779
19 42 920
-3734
11 51 410
38445
32 44 612
15747
4 2 665
36582
62 10 407
-39050
34 5 184
-13783
57 19 1014
15781
31 50 2775
48216
13 7 24
-13218
30 4 27
1653
68 40 259
3
47 8 1113
-25104
58 31 110
44957
34 52 337
9642
34 5 2080
8168
56 67 527
18013
60 62 1396
-12124
35 28 984
2937
27 34 970
4595
69 24 114
-13600
41 65 76
35679
52 37 56
-37420
44 47 715
-17716
4 1 767
-2805
15 8 5
-48944
42 38 12
-45970
61 25 101
-41619
41 44 2
-6464
0 47 198
-39656
45 1 2236
45803
9 48 439
7484
27 31 4
15434
19 10 1453
-2457
12 50 1272
-10601
35 28 430
-19939
63 56 2545
43286
49 52 2
7896
49 3 619
29206
57 55 97
24997
35 47 980
-7340
2 6 113
-30159
38 27 1199
24685
0 28 537
30992
68 47 350
-13064
55 35 1125
10081
42 18 297
-12595
44 63 139
15886
45 32 459
-26679
65 13 176
-37538
26 53 203
-28212
63 43 2341
43638
17 53 56
-43263
23 66 509
24757
48 54 590
-20073
48 14 555
-14021
29 17 17
-43810
21 30 143
-15948
15 21 416
34208
14 32 67
-7356
59 20 225
-17942
15 23 340
-29947
13 20 2152
30015
66 69 1
-48857
4 54 232
626
3 40 710
38033
30 7 27
10732
44 37 120
-12608
20 20 642
-32631
65 48 1643
-12041
57 63 1861
41726
35 54 523
38456
1 63 478
-21930
21 53 891
9595
33 25 901
49940
9 0 1831
37410
7 14 395
-2145
14 36 30
-46683
48 36 569
42779
2 55 1268
-5213
16 29 452
-22805
18 2 2090
19001
6 44 726
-12292
45 55 443
-15830
40 67 95
45823
12 44 2254
43967
1 24 561
-10383
63 15 930
-18094
62 44 111
43724
37 17 225
-32771
57 31 688
27951
4 56 29
6889
61 5 205
-5260
16 19 18
-44192
63 8 6
-47180
39 43 280
-26401
11 13 1302
1420
48 43 294
500
58 57 58
34127
65 35 1623
27990
25 69 107
-45052
4 48 428
8171
61 54 142
-43635
61 61 8
-49718
5 7 1409
-5280
61 31 36
28221
31 51 98
19637
33 20 211
-7548
16 30 62
-39517
68 56 508
16337
31 17 86
-39094
63 44 1182
39565
26 54 605
-29189
20 38 492
5404
43 55 941
-21280
62 33 534
21330
52 53 161
-3754
2 62 1251
39415
23 50 1026
20443
13 62 158
29406
61 59 1280
41129
20 46 647
-7775
0 61 48
26511
9 14 118
-8653
55 64 76
5677
31 36 164
24748
19 15 1148
37145
8 38 879
3145
19 30 451
8830
4 1 87
-40716
13 24 30
-11813
45 60 1309
10875
1 4 1
-49180
30 55 1015
-18643
17 26 753
9540
47 9 431
12122
12 7 268
-32715
19 47 2251
-988
17 45 35
-11043
18 18 243
39200
12 59 131
-44537
18 47 828
-11043
69 49 614
-16488
53 15 675
-28457
67 67 1034
36119
48 4 9
-21997
66 10 1134
-23595
5 42 901
-5473
2 10 8
32372
58 57 204
46643
47 38 446
3145
16 45 21
-36383
50 19 529
17913
0 49 298
-828
50 44 1510
43784
18 14 58
44407
49 64 117
-44368
58 61 572
41525
45 65 14
20820
49 32 285
-25786
12 48 325
-24876
3 48 99
-38441
25 23 2185
47537
41 58 172
-5028
18 64 789
38710
66 52 189
-36477
31 32 11
-46351
15 55 146
33035
14 31 264
21253
48 17 770
-6749
15 30 406
-11025
36 68 233
13258
64 34 127
-251
4 48 190
-36430
37 6 325
-40537
52 54 492
49908
46 48 628
32472
54 69 16
-42384
2 52 814
11145
48 15 163
19209
40 27 165
-27592
43 45 460
13421
50 56 69
37410
46 60 950
-19170
41 17 392
16526
62 12 149
13258
50 36 109
-30983
52 62 135
-33695
40 26 147
-27087
31 48 154
-27735
29 36 635
41275
7 17 285
30216
18 20 85
-24320
69 3 320
-22542
30 1 53
-38193
54 16 1397
-5998
53 37 30
-44376
64 56 223
-10354
42 56 111
-30865
55 59 210
45545
27 19 31
-44961
10 11 1153
-11506
32 9 398
-20341
43 23 769
22897
21 44 121
-20568
30 54 708
-28732
3 46 278
-18146
14 36 497
-23473
29 8 886
-29109
2 35 203
-23837
43 42 101
19580
65 9 2438
17653
30 16 26
-29530
61 23 275
5086
48 63 589
40769
68 29 469
-34836
56 17 148
-22290
25 6 925
-8259
9 48 168
-38452
30 14 1019
16603
65 18 796
19073
65 27 991
27462
14 0 1565
30779
23 4 28
-48764
51 7 468
28528
59 50 2237
23996
40 58 367
22639
43 53 935
-17802
4 66 868
-25061
63 8 936
14447
49 28 227
-15948
16 49 92
-5302
56 7 26
-29020
14 54 645
36096
65 56 103
-15621
48 59 358
32621
2 12 9
-43357
22 13 293
4863
23 7 949
-11759
11 13 619
-34048
2 22 43
-42256
51 37 171
15859
43 56 119
-34206
44 11 390
-18600
25 62 379
46972
20 2 1161
13558
49 57 136
-14513
10 23 343
-30633
49 52 378
38736
4 20 71
-45804
56 23 2012
4712
69 38 854
140
44 22 3811
34151
16 23 1263
-5804
9 55 445
-40071
28 11 762
-2885
44 53 228
-28752
56 47 15
-24823
15 32 171
6014
43 33 587
44324
61 18 919
47736
30 0 1792
-1890
39 55 9
3892
47 20 420
-34096
27 17 433
-29727
47 67 1581
22188
1 45 99
24647
7 66 302
5119
31 18 55
46925
67 8 8
2057
31 15 422
38607
22 12 3817
44311
15 31 489
12220
16 13 126
-27883
62 54 141
-44839
34 41 917
42210
30 23 11
-45362
12 27 8
-4650
28 69 373
22547
59 63 56
13913
4 18 5
22110
22 32 568
6953
45 65 465
-27464
67 13 80
36886
8 15 3
801
65 27 47
-2349
9 40 281
14195
43 65 342
-19658
68 62 398
-15032
14 54 1515
46341
22 46 71
-22713
51 13 87
-46071
29 50 28
-44961
22 40 468
-24516
3 3 1353
5476
66 18 2792
46527
41 11 2692
34170
10 15 1459
39648
10 4 62
-46004
30 67 572
-12698
53 3 968
-1492
54 6 114
-27984
19 69 466
6380
63 7 3798
37197
51 26 820
-6947
62 11 876
-18096
66 47 2238
10875
49 5 26
49035
8 36 370
-29293
30 60 605
19746
1 6 304
-35096
35 4 2417
20515
63 51 11
-49246
10 38 1229
35714
63 40 604
30742
10 17 28
-45894
18 59 25
-35264
32 6 880
30960
6 63 43
8069
48 26 315
28465
35 58 64
-42744
21 48 450
-9560
12 46 217
-31265
49 12 372
677
38 69 636
-30594
9 18 1356
2635
49 21 209
33461
65 1 115
-24491
45 44 150
-12552
29 69 3548
35227
18 69 1499
8523
13 67 1627
22344
29 17 454
15560
42 13 102
-41673
5 17 326
38300
59 54 90
-42384
52 2 2756
30013
13 63 276
-10516
58 28 1834
-3963
60 39 39
17893
23 12 108
-40812
27 52 28
-23902
68 67 1695
46579
64 56 200
-29128
16 15 837
16101
41 35 976
43638
25 19 491
-7777
17 58 32
34228
26 36 2404
27934
49 4 545
43474
56 3 849
48761
11 21 168
-31622
58 51 117
-43057
4 14 2019
48881
54 42 433
-1239
16 10 1938
3441
67 10 13
39225
49 45 606
36580
16 7 310
-42776
23 40 6
-46071
2 58 104
-18522
56 67 440
-10132
36 44 222
-37643
4 9 1
-20544
28 26 2292
9274
46 10 1844
49667
57 67 427
4648
68 47 979
24733
40 42 1543
38408
12 30 537
31901
48 37 1886
40242
41 27 29
-40013
35 36 1
-49967
16 3 44
-40185
8 32 134
-7611
67 14 38
-3351
66 30 2017
29132
22 22 188
37604
34 0 283
-9599
47 8 99
-22478
3 5 1624
46124
18 67 16
-49180
11 37 1922
23248
37 1 848
47109
21 57 276
12652
6 42 1450
45510
23 44 895
15152
0 55 1061
12378
64 53 319
-32527
60 31 682
28586
35 40 2272
35008
65 12 1119
26501
42 37 208
-16580
8 54 68
-17595
41 10 1873
8307
22 11 99
26804
66 12 682
38844
36 25 43
25258
3 31 1312
29356
40 14 797
9747
27 47 7
-25602
47 63 903
39737
43 47 2144
34859
30 65 105
-39028
1 60 1044
26182
61 0 27
-32075
36 53 575
23037
2 47 64
-4492
21 31 1297
46330
51 1 493
25258
4 61 36
17529
50 26 392
-4910
46 36 835
3550
67 32 160
38963
22 4 751
-14678
19 5 310
-14818
23 26 2021
-1260
69 51 93
-36637
19 50 1238
2585
39 61 269
9151
6 11 1624
7405
7 50 44
-48440
67 2 4
-15196
56 42 351
38335
13 11 123
-13219
3 61 1128
19217
19 5 1018
-12902
12 17 2
8285
18 37 19
43506
48 45 94
-43689
31 28 1068
1656
54 36 1189
40594
59 59 209
9570
46 14 935
7290
34 4 739
49827
19 51 708
39397
36 37 42
-32259
40 24 23
-46420
29 40 390
-34450
32 11 2685
35765
55 51 607
-8649
15 58 79
-2793
61 52 1863
11566
5 22 72
-21500
28 5 1568
2585
45 38 471
-27625
39 50 1038
3635
58 47 569
-22713
63 5 628
4648
24 40 765
8701
46 2 1017
-9968
16 34 83
42579
68 24 13
-9970
63 5 521
6039
63 38 29
12314
52 39 688
41051
47 43 1264
13998
67 28 931
-7583
39 59 1540
44491
0 13 972
35183
16 63 12
-32771
5 20 9
1259
43 38 371
-34400
48 66 226
-194
29 51 113
-2457
39 22 2557
24808
50 64 1104
-22818
65 6 895
-6947
2 31 37
-31421
9 50 34
-48860
0 42 1217
34780
14 53 816
-24613
63 63 1305
23952
29 1 162
-1233
13 17 551
-4861
25 23 307
-28732
60 50 474
33874
18 62 40
38483
53 57 3
5939
51 50 85
-35694
60 59 646
29202
8 44 1834
8214
68 54 404
25854
59 34 753
42779
40 28 492
20261
52 49 1658
15138
66 59 1207
22051
64 68 69
-44777
54 31 346
35379
30 68 9
-43822
36 28 31
-866
18 57 22
-29108
2 34 638
-29959
1 51 42
30316
0 21 1778
17893
51 1 247
17867
30 49 262
-33195
59 49 1081
36166
29 1 428
29618
55 69 727
-21108
13 37 1618
44985
53 56 540
-34158
18 37 234
28136
18 24 474
45302
17 55 59
-29072
7 30 23
40186
27 26 257
26526
49 49 169
-42515
37 65 1074
14910
39 25 26
-44250
48 37 197
-7903
23 12 1469
24956
42 9 694
44753
22 29 59
29488
54 2 888
-23067
15 17 140
-22750
63 12 1225
-19298
61 1 116
-9612
25 13 521
-8918
0 42 149
-866
47 0 173
21670
60 53 1000
21162
36 20 1756
33687
44 20 122
-45016
42 69 1021
24733
56 10 2233
21253
56 24 237
43506
13 3 666
-9384
68 24 577
29737
8 10 8
-48634
7 40 20
5187
43 41 480
48013
51 49 1523
9570
20 60 3467
45820
52 7 437
37604
52 38 151
-7548
26 40 166
21810
7 48 66
757
35 2 511
-26603
17 48 1670
-5208
37 57 6
-21997
50 43 1008
-9126
63 21 80
27921
34 13 2072
49685
51 12 505
2976
49 56 1063
-10208
36 17 142
-34967
20 1 1043
3614
33 47 167
-26448
47 13 401
-8069
46 36 1714
-3244
1 59 1169
5574
9 10 63
40219
60 9 832
46898
22 36 93
2993
67 64 3505
39565
69 39 217
-41324
25 41 1603
30874
22 32 384
39371
16 22 768
8214
35 67 10
-38237
58 17 181
6731
25 11 12
-45212
58 9 907
34553
10 15 1518
12398
42 6 206
39845
32 7 8
-30371
13 48 2074
-2885
1 17 2144
29852
61 36 811
-11798
13 13 867
-8653
3 47 2204
27498
36 53 562
27669
15 17 730
44543
32 2 259
-7583
26 48 24
-48990
33 53 1528
47964
64 24 19
8285
58 28 3287
23698
57 6 277
-15684
67 14 41
-43359
14 15 91
-42726
11 2 436
28403
42 64 1269
8536
19 43 27
-33507
40 64 474
7526
34 11 118
5389
17 8 51
-44537
4 7 391
41834
26 60 380
22491
6 46 546
-11803
43 11 95
7716
52 63 535
-24362
7 38 442
-5579
32 21 227
34228
59 64 72
-24376
45 37 10
-47780
40 63 26
-19057
23 17 1860
4281
34 66 11
-17385
67 14 1928
31998
21 54 615
34283
65 51 201
-22945
60 54 48
30598
41 17 460
49036
9 64 890
20956
32 37 256
-38406
62 24 28
33736
49 11 1072
24499
46 8 31
-48764
11 34 530
-3489
57 59 994
2635
16 48 160
40769
28 36 111
1222
56 67 1
-43010
46 16 858
40721
21 2 1252
28639
63 55 142
-25836
66 11 1408
40218
59 2 79
-30865
4 16 285
44661
39 49 419
21383
57 49 1210
-11963
1 32 1666
11069
29 38 55
-30644
24 33 2546
40594
54 18 188
-36477
5 52 819
-738
41 42 1
24822
25 24 242
22991
25 31 6
-47596
14 37 471
30552
21 12 1719
9815
22 22 1289
30308
45 29 597
-24398
47 14 1280
42622
57 58 298
20542
9 34 1634
15823
53 34 268
18698
69 49 1398
-2525
35 36 74
-22122
47 52 262
-40426
49 66 342
17534
39 15 1963
38132
10 43 911
-1913
50 15 598
5677
15 2 267
-36949
59 36 3043
30927
28 68 237
-26493
5 20 2130
29118
54 4 110
-24934
12 44 20
7225
10 24 917
20358
31 58 246
-14939
28 30 733
24757
28 68 51
-42911
51 55 424
705
21 67 4326
45545
32 43 270
-37418
36 28 126
-26496
18 20 257
-42803
17 51 719
32179
35 62 418
20647
44 51 11
-36309
6 36 197
-30637
8 64 20
-38329
60 50 936
9570
13 53 76
-6506
7 57 1131
11288
14 55 548
-25905
8 6 2141
24110
40 46 78
-40452
67 7 664
2087
49 53 366
-30781
9 38 18
-35113
11 43 1882
13998
11 29 409
-2240
41 53 1905
31748
0 19 2
-49980
49 54 229
-41568
49 33 83
-18094
37 65 546
11763
2 61 6
-39920
26 4 141
-26871
54 32 48
47859
51 6 339
-39643
55 46 756
-8090
21 56 22
-48944
22 2 161
-24137
16 0 45
-11146
34 44 591
4561
28 48 73
-2635
10 42 357
-26883
25 39 194
4765
7 18 1571
32218
19 7 53
-16579
5 15 1857
12055
42 45 35
-43317
64 56 1328
46167
48 61 1171
33008
3 60 1980
10847
12 30 64
-29530
24 25 1279
-15344
17 6 1650
15570
55 28 42
47169
68 14 1923
40651
44 13 1140
-21434
15 59 276
-42484
66 0 161
22378
2 48 1365
-749
49 48 129
-2240
49 41 49
-41568
13 5 912
19555
50 4 2881
16859
57 68 51
-15542
27 36 1008
30742
39 2 382
-28132
30 57 259
8629
58 27 26
-28271
20 47 96
13469
56 67 30
-40426
64 2 2
-32303
6 26 1006
32668
23 2 354
-25782
47 49 1478
14910
34 49 1195
34816
30 16 1793
38904
66 14 48
-43143
12 3 37
-20103
24 66 1781
5718
5 48 358
-23503
66 7 1169
12257
8 46 229
-41568
48 9 1072
2635
21 14 175
-27849
58 53 918
31181
37 10 33
22547
57 11 177
-18783
3 15 352
-3586
10 26 1224
36832
10 65 152
30803
43 47 387
-19400
49 47 284
-37420
54 7 1865
7183
31 6 71
-43263
46 6 430
6008
17 12 1024
31072
2 40 884
-13808
41 3 108
-22399
13 25 300
32372
67 22 1274
3441
44 9 505
-27537
30 11 1996
24996
0 39 980
-16257
30 33 9
-49244
7 53 3
-45260
67 9 390
-11759
18 10 333
-13064
23 30 141
-38441
66 31 214
8629
69 54 716
10875
64 11 1541
-11025
58 53 4
-49246
59 66 579
39459
58 69 118
-44961
3 54 100
-819
44 3 65
-35566
42 60 3459
48198
41 21 459
-32315
50 9 22
23052
57 52 1001
-5492
0 1 52
-15196
44 0 472
-36567
28 19 358
37725
60 35 44
44320
57 14 9
-41336
34 18 4406
42726
29 29 1
38945
35 46 4
-11819
36 49 159
-44602
46 38 65
6017
11 15 388
29356
58 29 10
-49246
19 14 66
-5260
62 32 25
11689
50 4 135
-19359
63 24 601
10732
51 40 1218
41368
57 49 846
25295
11 24 1601
6416
69 42 120
-14473
20 65 73
11069
52 52 83
-32226
64 20 99
-23189
10 25 766
-14678
7 17 30
-43887
34 31 1979
32924
30 61 440
8356
15 48 2223
4921
32 27 779
23395
9 1 59
-39052
3 18 433
49234
50 35 643
44407
22 29 1593
22069
18 67 169
-28170
36 41 695
4585
55 26 854
34122
21 48 549
19073
7 45 33
-45718
53 69 671
43784
20 69 515
12514
62 9 36
-8166
16 1 818
-7602
57 11 33
-42685
13 59 508
-36439
54 28 714
38132
26 36 89
-38344
6 33 1342
-4347
36 64 664
-6496
21 48 636
35960
37 19 78
-42766
66 13 86
-41049
67 21 2349
40218
55 12 88
1494
7 31 3691
45432
52 62 256
-24826
65 66 405
12398
33 9 519
6008
22 69 34
-47486
44 65 81
-22349
8 63 408
-32315
57 4 96
1769
19 22 1537
28528
45 14 697
-21981
29 9 3135
40193
62 32 644
-27625
9 30 520
-22542
2 21 1054
-2977
30 68 12
-40396
15 4 1083
37398
32 4 3018
40507
14 1 251
-40189
20 48 171
-10874
64 12 298
-37331
64 41 328
29118
4 27 1612
17877
15 68 112
40027
19 62 72
-44573
39 55 141
-39643
8 48 620
-1261
48 39 6
-45367
38 7 931
42169
14 61 274
1259
30 19 382
-27061
30 6 47
-22750
34 64 748
-1071
56 1 40
-36348
28 28 59
41051
36 56 20
31681
55 49 90
-36439
52 22 4210
41653
52 59 481
-8673
54 1 91
-7777
19 16 504
40061
2 32 610
33691
41 58 1275
-9612
28 60 6
-20982
37 46 23
-43599
38 64 426
-27883
49 13 655
-14951
17 52 19
-2284
5 48 1198
36262
12 52 713
-2203
62 11 503
48622
67 41 766
30779
25 56 311
21071
45 39 81
-33766
60 4 633
-25183
29 20 104
-17984
15 29 13
33736
31 6 8
-49830
28 18 635
8687
60 3 153
-5919
23 52 14
-13243
30 48 108
-14738
62 37 1328
46312
13 46 40
-23547
64 47 605
48840
18 37 252
-26152
14 38 454
-12396
61 64 359
-27984
1 57 35
18534
42 67 5
-27868
62 49 1448
30013
15 62 24
-2349
29 32 1021
7065
14 16 1185
30242
28 11 50
-38657
35 24 20
-15196
44 0 504
-8670
63 30 493
32132
51 47 58
-27657
64 28 100
-29266
51 29 997
41051
62 56 38
-44875
43 21 161
29845
32 21 2500
31207
39 47 2
-49169
54 29 470
-23617
35 53 409
-22068
28 7 399
-2662
6 46 146
28586
65 10 344
43551
44 13 58
12652
35 11 323
-39552
41 40 525
-17277
39 2 490
17391
39 16 16
-49422
68 31 181
-10997
44 7 28
24297
41 26 2343
15560
19 38 639
2436
16 5 680
-5074
52 38 765
41129
21 15 871
45823
11 61 690
-13600
42 23 561
8835
29 10 399
-34158
56 16 122
-36741
64 31 620
26452
11 68 296
36631
6 1 833
29896
68 10 143
-30233
51 56 207
46701
31 55 1036
40651
10 31 212
21085
59 19 350
-16990
42 14 111
44150
25 2 838
10870
4 58 581
-21108
39 7 316
11018
50 69 109
-41792
47 14 699
-12040
32 67 1137
48722
17 4 159
-19483
67 35 1
-49783
32 33 630
8536
8 52 2838
43226
7 57 674
-4143
8 58 12
-48385
36 3 725
19899
26 40 1244
19818
18 2 258
-28849
41 0 735
16857
32 1 196
9735
13 36 396
-26556
69 65 170
32776
1 3 28
-46545
3 15 1015
20872
60 13 275
21937
34 25 593
-3734
51 57 1179
29355
44 46 143
18330
34 2 564
-26272
25 34 1951
-428
8 20 160
3259
49 14 522
29355
66 61 16
-24826
46 21 670
-1607
67 9 643
32164
41 63 439
-25525
27 24 164
-21973
21 41 369
2115
65 50 1372
10594
28 62 2133
41264
31 28 20
-40271
9 65 1077
-3947
37 34 2006
48695
41 6 607
21085
29 68 1815
27873
7 29 194
-249
4 27 1111
36096
8 9 1432
15434
62 19 1873
13781
69 27 17
3269
12 23 694
47120
20 43 131
11998
66 26 827
25719
35 54 423
46433
34 54 629
-13219
58 56 6
-47254
18 45 594
9803
19 1 18
-42892
51 40 57
44922
52 18 315
8536
19 11 174
-25892
1 38 144
26542
45 62 414
31256
23 25 312
6742
58 11 442
25951
22 65 525
48013
60 34 386
11036
31 37 1001
-2032
68 63 81
-11819
58 26 210
15593
62 13 2634
9103
36 31 50
28647
4 15 8
30548
43 28 347
7908
6 21 1
-45570
60 7 1158
31115
9 68 945
1769
0 9 1
-30644
48 35 18
-18342
13 24 888
-6690
20 50 19
24223
35 43 200
40041
1 0 57
20131
52 50 1192
15044
0 52 1559
8775
54 48 120
42707
53 51 60
29289
37 37 611
-30866
21 62 19
-47326
32 18 8
-39693
32 0 1232
-2118
34 2 343
24764
8 52 67
16264
21 34 4
-24823
40 38 89
5329
14 49 1277
-14180
16 18 211
-17155
18 25 1142
1837
56 23 1058
-7777
41 47 521
42707
54 60 1576
19217
40 61 266
10406
1 54 46
-24320
1 38 720
19376
21 55 223
-9357
22 31 632
-27188
52 53 12
-49671
57 49 860
27934
64 64 53
-44360
19 48 39
-46109
34 9 58
-45001
68 43 146
-29072
36 4 53
-582
30 46 67
-46682
35 39 220
-40189
44 37 356
-18734
47 21 1580
478
61 49 1748
33652
14 58 373
44661
64 13 1844
2115
1 57 192
48216
45 57 305
-12595
66 31 2702
45511
53 56 704
34553
50 23 15
-23968
44 25 996
9955
31 32 42
-35767
62 42 2452
40552
5 69 20
-13591
45 4 847
33682
0 6 129
-36992
31 18 475
-34594
20 60 466
27951
37 54 487
-31301
42 66 9
-48017
12 49 480
30779
60 43 21
-49562
42 13 1049
-5804
4 18 860
36832
57 20 15
-49246
40 36 153
22336
19 7 55
-21999
7 18 582
-33739
56 68 211
-21668
47 38 42
16510
69 69 160
-30347
56 33 507
6416
42 12 374
-18758
25 29 143
48555
50 67 1753
32132
0 46 365
-5237
0 9 1676
10952
42 17 10
-39405
58 41 145
7260
23 26 1
-25824
48 13 416
-5324
59 21 1357
-11798
38 33 1841
40565
47 52 24
-48091
8 22 987
49093
61 44 406
-8484
8 24 124
-23315
51 43 122
-18365
8 33 59
-14291
28 6 1894
20956
27 42 3
-36771
66 68 1396
44780
27 25 1074
35243
53 18 1025
-1949
39 46 201
-43875
37 61 412
20976
18 59 898
31999
56 36 131
1259
53 25 2
-48853
15 4 713
8583
13 14 121
-27084
39 29 641
32668
24 16 818
9120
19 25 1
-31482
52 15 2786
48081
43 34 328
-32948
64 16 397
-5213
16 59 40
40475
50 6 498
-24306
55 7 35
-47934
19 7 113
-16488
61 18 833
-24849
5 51 89
20386
35 33 104
-38694
17 13 105
26859
4 53 800
39569
15 27 8
-36383
47 59 554
21503
65 17 353
2931
19 11 279
13558
49 35 219
-5237
44 53 72
-2884
16 1 325
-29981
51 9 2000
21944
54 16 621
34251
15 63 364
-15621
13 23 62
34780
22 22 45
-48944
14 44 1838
677
60 16 3396
20758
6 62 669
29433
58 12 58
-25684
26 27 212
-24691
29 68 1614
25178
4 27 52
-920
28 41 92
-22629
3 23 28
-35322
48 32 231
35960
18 0 712
13873
50 0 2371
17140
29 64 24
22991
52 64 264
22297
56 63 788
20968
28 64 1903
-2805
11 13 264
-32210
52 50 55
-44191
12 2 548
2942
49 16 2282
39565
31 66 306
-32153
29 41 561
-21930
6 42 55
-1224
22 32 2244
12162
36 29 273
-8899
33 55 978
-23852
31 20 78
-32592
51 19 234
45432
62 20 9
-16165
24 37 110
19746
22 18 92
-28452
22 52 479
-15495
8 63 187
-42788
65 61 520
33518
4 10 2699
26658
41 45 5
41253
28 44 982
-13064
29 9 1752
-1260
24 50 275
21148
29 8 2
-49422
50 58 3169
38607
27 42 2
-38535
42 29 64
-32631
61 51 772
-8622
22 37 1060
4765
27 69 155
-42430
24 21 37
15658
7 11 296
10732
65 8 588
13599
7 12 410
6525
36 69 26
-45016
63 14 854
6142
12 29 2005
28524
42 24 256
47618
69 5 182
3319
53 69 81
140
28 51 203
17922
62 9 180
33437
9 63 662
38435
64 67 4
42625
55 1 53
15781
45 39 31
-4041
25 1 179
-10256
9 41 727
41834
17 7 1306
13761
68 31 2353
17147
60 9 14
-48567
6 50 819
36631
38 4 1335
43640
45 1 250
-21260
66 57 774
-6988
30 4 41
36750
6 36 780
12912
5 33 136
-43143
0 4 224
-28066
15 24 1335
10456
23 41 481
18766
21 8 1092
-20378
45 23 227
-41048
62 11 418
-6014
21 50 14
-16747
53 41 851
-15948
12 33 1735
-7918
69 47 378
16651
68 4 221
-11618
20 9 362
39271
47 36 838
43638
12 28 377
-2032
19 9 436
19171
23 19 637
42048
63 3 1510
-3489
34 2 269
32705
15 12 645
-23780
17 20 2867
38628
9 26 430
-24966
16 18 99
-6724
7 2 1055
33479
54 1 3592
36759
58 43 1281
-22629
53 29 61
-29108
33 31 464
34580
2 29 27
47075
15 15 1
-49997
1 40 708
44687
4 12 1887
15380
66 18 12
-46691
57 8 703
-6011
1 28 212
40186
39 66 82
-30503
52 7 565
28101
25 0 37
36759
58 27 529
15859
25 50 1022
456
30 40 341
-28989
29 23 2290
38596
25 62 2798
43940
10 33 3
-48870
0 44 69
-38202
41 38 715
4712
20 47 57
-45016
47 47 49
-42803
43 12 180
-29235
39 53 66
-37835
55 29 238
1266
54 13 551
-31363
61 35 21
-41685
62 35 184
-39466
11 33 63
-23609
45 18 695
29206
55 55 276
-40716
8 21 250
34208
53 24 58
-30554
5 52 489
16859
38 12 220
34400
53 58 1417
-3131
47 20 879
380
33 33 670
-14506
25 18 9
-48634
14 37 200
-10618
69 26 234
47577
25 67 28
1202
63 19 546
32101
39 62 182
10971
34 46 9
-44798
7 13 733
-26834
6 26 527
-15275
59 52 3464
43735
45 24 30
-46908
39 49 177
29946
17 25 299
18496
36 65 2189
49754
60 52 224
-28066
38 45 3578
32101
48 27 3660
30803
32 33 428
17140
14 53 611
8235
12 25 105
-11997
2 17 66
30598
26 26 401
-33850
18 66 2058
23621
41 49 270
-43692
19 11 25
-41685
20 5 1004
15427
28 46 699
-15916
0 66 306
25991
13 39 2000
30353
43 37 132
-39627
37 53 9
-40110
66 7 1423
-17515
54 15 29
33320
22 7 1002
6781
45 31 214
-13844
56 62 2
-25695
48 40 440
-25104
27 41 792
-9179
6 25 6
-45990
4 45 290
37604
59 47 894
12122
42 25 1069
28089
21 22 16
-27198
13 20 36
-43263
45 1 195
10732
42 52 93
7183
34 36 232
-41283
46 66 114
-33279
22 21 2064
22897
29 53 606
-8899
31 44 805
-17212
26 28 3
47319
22 52 822
2605
25 44 275
-35767
5 66 279
-28074
41 40 394
-31363
12 54 123
-30333
36 14 1570
17147
48 15 784
-8166
37 7 1143
32930
5 63 141
-44600
16 24 259
-39031
40 26 372
17011
60 2 52
-47970
8 33 1163
20548
21 22 2825
48324
22 12 959
-12288
28 52 17
-44179
35 6 91
30817
48 39 755
8356
28 45 794
-1730
57 8 437
-19759
28 35 1017
6953
51 25 251
48035
57 13 271
13258
43 64 734
-14411
68 30 286
-34403
16 0 1650
31503
60 67 369
-40703
6 8 446
42169
66 45 454
10195
36 0 300
30803
15 63 359
6953
43 17 25
-28440
59 55 1834
20131
33 26 381
-38506
17 65 1708
2057
23 63 272
-16524
4 35 679
-28546
4 65 94
-27537
61 9 1351
20548
43 57 113
2605
31 59 151
-35810
8 13 1241
-16347
15 17 455
-27896
14 17 927
22693
34 52 10
-49521
17 19 1047
6376
3 13 391
27447
2 61 3
-47254
14 43 213
-23547
43 67 1018
-23546
49 29 1115
-11742
8 29 373
-29109
50 68 258
3749
58 53 241
35765
36 10 614
-3244
38 66 84
38093
1 1 156
-34416
48 50 199
9919
57 55 899
35994
62 54 32
-397
49 36 190
46809
62 27 145
-34450
1 53 498
-27883
20 16 742
31610
10 43 1614
22077
38 24 1574
34251
0 26 143
9919
23 43 218
-20036
14 37 1026
-15256
24 41 2119
10847
49 66 167
-30989
62 38 438
14921
48 63 1738
31503
19 24 684
31619
63 13 31
-43550
67 14 203
-11309
40 40 2150
22297
35 32 160
-34416
14 37 573
-31368
34 6 144
-25596
48 35 404
8472
52 7 2422
6517
48 11 2010
18421
16 46 366
-38829
33 6 1164
20183
22 4 483
-26301
49 30 3177
47111
59 34 743
-8046
14 58 1758
20851
31 1 538
10406
22 40 937
6014
44 20 172
-29703
28 61 147
-28063
65 29 29
-43204
7 55 345
-1548
39 28 228
-1492
39 69 1038
45950
20 28 152
-20544
33 21 71
-46938
1 25 3
-49967
69 39 30
-46691
69 26 138
-40050
45 63 556
-26782
31 39 881
-22458
32 36 634
49796
59 46 1587
37785
24 68 546
30308
50 48 5
-49841
41 4 621
-28752
55 11 189
-10383
45 1 86
37145
46 40 1211
18384
58 42 122
22443
56 56 1338
19907
29 29 3167
24251
53 24 110
-9970
65 20 695
10081
33 25 317
-34930
67 45 47
43046
29 35 403
-21165
9 11 2
-29293
61 58 65
40193
60 68 742
45964
68 24 341
6520
39 33 9
-39782
21 32 425
-34644
3 34 372
6636
5 43 488
6544
14 16 3
1628
58 35 55
-45712
0 1 955
-15950
43 56 404
22991
53 2 1653
36403
54 29 606
9540
32 59 1425
20249
37 0 595
-33766
52 19 20
-48995
56 44 2842
46579
10 35 1758
41358
60 11 5
-15548
43 13 846
28159
33 40 1107
41738
32 61 32
-35431
48 54 3226
41653
3 7 19
-47934
58 65 1751
49754
62 45 1855
-3479
45 44 676
-18552
22 31 308
12788
47 62 346
43046
38 32 430
-12705
8 2 1023
27275
65 38 838
-25045
66 21 180
-2884
54 53 203
-40716
56 40 667
-15869
59 6 637
30815
26 46 147
42025
56 42 108
30353
52 63 11
40027
22 10 1123
30932
3 14 71
34208
52 58 553
22639
34 40 585
-31737
41 48 1269
2942
51 19 702
-19946
6 38 2881
49277
62 16 333
-16430
15 35 186
-28453
45 45 129
42625
51 60 2
-35322
40 51 1627
35205
21 2 1342
42012
4 62 118
-8798
65 50 21
-7295
46 27 593
-26603
68 62 245
15823
3 69 70
922
64 26 1568
13916
3 63 158
23052
44 52 179
-27984
10 67 212
728
69 25 2113
45823
43 69 13
-9697
43 37 958
12220
15 61 760
-29959
52 32 1053
456
21 68 1151
23170
5 29 1107
-15801
0 44 400
-18573
66 18 171
-35614
17 10 141
-38694
12 61 961
6094
51 59 5
-44647
18 51 1361
2976
57 7 16
33461
32 47 756
-18522
15 13 367
8521
22 8 814
-15913
9 53 2
-49933
15 64 1147
-22014
51 7 133
-27804
25 58 302
45912
19 8 3558
37574
11 19 561
39693
16 1 697
-19956
44 40 234
39830
58 13 76
-41112
10 6 3363
37145
45 1 9
-46604
41 42 310
-18758
68 66 1582
39491
53 44 1226
47913
3 22 161
-42744
45 58 3
-48715
60 67 338
-37528
38 11 100
-26448
16 69 166
-44602
15 24 515
41898
45 58 1245
-16257
59 29 139
-29969
47 43 3564
49908
23 45 510
49676
47 50 164
30580
14 33 395
-7771
44 23 1145
42614
24 45 746
-1021
10 36 2910
45707
55 42 144
2057
67 57 800
6243
27 40 2293
31072
57 64 39
-22478
33 53 292
-24232
17 49 1
-45718
30 30 42
9701
63 15 118
-41118
46 23 78
-40716
47 14 611
-8102
32 41 671
-19298
10 10 1476
38593
6 65 457
31445
68 4 237
58
25 9 131
-23617
62 52 3196
39749
45 41 23
-30865
4 30 24
25583
6 51 685
-7834
54 34 446
-37550
45 43 1
-48990
4 41 665
49770
47 20 260
-13898
64 30 108
-46388
26 50 41
-44888
31 27 636
20469
32 28 237
-4797
6 52 2339
3193
6 6 3057
22547
36 39 224
-6359
56 32 369
-36477
29 8 590
-1062
42 23 1306
38844
52 57 1586
10406
27 27 227
28409
43 28 489
7063
15 45 16
-39097
22 52 820
38065
28 4 431
-25736
32 41 509
21450
19 9 1237
38628
43 40 238
-23332
27 31 238
-23837
60 64 1203
28403
9 62 96
-32752
68 46 2425
16651
29 17 213
-36414
64 31 180
20700
57 2 2098
20548
30 34 3830
49459
51 68 36
-18810
18 56 56
-44839
38 68 1198
18330
69 23 2466
19592
16 25 452
-3468
9 40 116
-23214
4 1 1983
36394
58 67 1044
48013
30 6 299
-14972
19 53 3
-48047
3 3 495
-20294
5 14 27
-47077
7 56 2125
48968
0 11 181
-16887
19 55 109
-18580
39 32 1864
41894
23 21 9
-32303
38 4 1152
3736
35 0 213
38408
68 10 892
10257
48 66 413
6781
60 32 5
-44494
20 44 2865
46578
9 7 723
44787
20 51 868
-1751
48 20 1081
-15495
43 54 221
-24727
55 17 361
-40716
49 22 173
-24172
60 63 337
44607
11 56 1436
-1380
51 8 743
3396
24 39 252
7228
44 32 53
-44179
7 58 1508
48881
30 10 553
31115
34 68 1423
10129
19 6 2186
44816
22 58 475
15136
21 29 499
-11043
69 60 1471
25342
59 1 398
18496
18 3 232
-34039
51 50 36
-47574
48 48 132
8356
4 27 1090
-2620
51 47 1025
-15869
52 2 18
40769
32 54 15
-46691
0 8 4
-13218
39 26 106
-30157
29 57 554
-31301
60 21 301
-29072
28 64 130
-36073
25 35 29
-14409
68 52 84
-4183
4 32 292
-18901
2 15 264
-23968
58 8 145
13827
13 2 600
-27804
41 17 25
-39552
56 31 702
6303
17 60 41
-27657
18 28 832
34251
44 45 222
-29705
49 9 206
36096
10 29 1378
21944
26 42 460
28773
27 32 209
-24398
63 15 440
49234
34 1 1254
45912
23 48 906
39271
34 16 378
-39405
44 42 334
-15563
6 38 1157
6224
66 36 282
-507
69 22 99
-46143
66 18 140
-6141
50 3 22
-41180
29 22 797
17515
26 24 44
-43195
21 3 2064
11041
53 38 1
-49676
22 24 172
-27174
37 33 267
7350
45 37 76
-12288
4 62 933
1420
36 17 852
46341
48 8 990
42218
3 47 528
350
27 47 134
-46224
47 31 106
40218
21 39 1476
21717
38 22 401
-9853
16 68 477
38408
22 8 3013
47972
47 22 526
37604
25 23 619
8472
30 59 192
-16954
55 6 183
28874
21 27 496
49985
65 62 77
-43866
43 51 761
26596
36 37 249
3160
34 5 452
20150
47 5 687
30822
18 7 48
-19902
35 47 822
3198
39 69 393
-14678
16 38 79
-29721
57 35 19
-45598
41 53 808
-16538
45 20 802
-9384
1 55 1696
44068
32 9 94
-45678
30 26 340
2760
17 7 883
-4840
57 43 555
-33819
25 37 12
47005
18 20 37
-25449
50 30 1153
-21165
50 33 1133
32924
55 2 57
-33611
53 23 981
3614
53 4 381
-2240
35 42 122
38066
2 0 914
22129
14 32 76
-38639
0 23 1
-49105
60 0 1182
-10074
5 7 517
6008
54 32 2453
40731
53 69 9
3527
34 12 40
30598
51 65 2329
25854
22 26 5
22167
27 3 1217
-11846
42 23 12
-30253
36 1 1167
8076
64 51 89
-45224
51 22 2642
47618
43 25 413
25342
5 59 818
29329
49 16 3626
40409
19 25 419
-8957
43 55 303
-16954
10 51 1465
42614
13 52 1824
15886
10 47 402
-21571
48 38 616
8307
29 29 210
49940
36 49 1594
36749
55 2 33
-42728
40 55 1923
37919
69 67 526
-12595
53 54 1562
46280
34 32 907
41862
7 67 868
-6385
68 19 742
44543
10 26 1566
-1261
24 26 1102
-3435
61 3 323
16161
24 9 79
-25782
9 46 180
-10316
20 52 541
-33850
15 5 592
-10132
31 39 1630
-5948
2 49 2309
44870
29 21 173
3682
24 15 1638
1653
33 39 100
-22290
0 25 1610
25404
68 8 747
-10132
41 30 151
21700
47 32 8
-47593
38 36 25
-13591
35 16 26
-45278
45 9 2361
44787
32 32 106
-13510
33 29 413
-12775
37 43 99
-26362
37 10 17
-48932
45 0 315
-19170
20 49 3302
45043
9 57 3
-44073
51 66 370
20700
42 19 36
29494
62 5 14
46433
24 17 637
15427
54 25 21
-7216
59 34 71
-12124
15 28 2
-25824
39 51 2785
49093
42 8 154
-866
27 66 1730
46250
37 12 509
-14972
35 59 1042
36394
19 7 257
3396
51 46 229
5308
47 19 2454
40805
17 47 27
41371
34 30 161
-35694
13 54 491
31256
3 29 160
-8484
51 11 824
6303
32 46 43
-22145
42 2 93
-11906
42 34 605
-11453
62 32 516
47592
4 19 211
-28440
4 30 1290
28465
14 6 920
-8496
1 9 448
-19057
55 44 95
-30348
39 7 86
-44279
30 9 524
-8653
62 13 973
36375
26 53 1255
47440
56 17 871
20358
5 42 1789
33565
35 55 25
-35381
60 37 69
-29981
66 38 176
17460
51 28 30
6742
57 31 172
-3039
64 2 207
-38406
65 31 14
-10904
69 56 1016
-194
13 23 1106
41939
60 17 21
29960
16 33 594
41304
65 66 262
41371
4 31 1005
-21794
4 63 771
-18946
48 2 1069
-1402
63 28 59
-16989
26 15 164
34244
46 67 734
-5998
38 7 214
-19958
67 18 32
-36949
32 61 364
-6378
62 63 220
-128
38 0 516
47744
0 11 209
-42978
61 40 1604
31616
17 57 56
-35134
51 46 1025
31503
39 25 2281
15109
36 66 3
-38251
64 66 206
-22152
15 54 196
-14439
10 37 310
-35381
13 68 113
9022
11 22 210
-13663
38 7 2248
23093
38 43 2616
29772
30 1 423
-30594
65 31 2239
9701
67 48 485
-29331
13 49 812
5939
45 45 1621
19948
59 3 103
-14248
20 20 352
-22250
42 43 104
-34629
68 39 78
19082
37 57 343
44292
64 11 89
-9260
14 15 68
-17385
0 60 31
-22856
66 69 308
-33507
41 0 297
-13219
69 43 331
10299
55 22 99
-47012
17 29 850
500
58 33 3254
28647
24 6 271
-29652
23 56 127
-43102
22 31 427
4149
63 24 1621
21146
67 16 5
-34803
43 36 879
-1886
41 50 193
-35426
22 25 123
34963
45 25 98
-28413
48 48 155
-46125
29 47 1345
3341
29 58 26
-37704
44 23 509
18227
59 69 60
-48017
27 29 862
-13783
17 21 74
-46479
27 34 748
-22713
27 11 153
-22921
42 60 178
-39949
39 26 271
-32715
35 39 634
8830
25 25 1
22167
25 12 75
-40371
57 24 172
3635
50 40 123
-29979
40 41 91
-24580
13 33 234
-26543
5 0 960
-5492
58 49 333
29709
25 0 577
-14248
9 33 25
-43555
15 16 1149
-14108
12 15 154
-17694
47 13 7
-48483
45 37 252
-6642
47 15 91
-1259
33 22 392
5476
41 38 405
-468
41 58 299
29118
39 55 545
7406
62 59 1200
27671
28 49 2418
31536
50 38 1278
46772
63 10 2407
29528
65 45 48
-34501
42 58 814
8288
58 59 58
28089
59 55 630
-26829
40 21 664
38844
0 23 80
-44250
34 63 921
6434
9 64 635
3160
40 26 1444
-9768
41 43 435
38615
7 60 175
-28389
21 15 1348
4281
9 53 2152
36409
23 68 9
-47904
3 9 775
-9079
62 66 1676
31998
56 4 362
-18146
21 59 1979
34127
11 1 261
46809
2 59 103
-45362
68 65 296
-31691
36 60 2066
22378
42 42 473
-39327
3 47 1153
34580
23 53 349
28272
68 55 276
-4041
26 10 258
-11822
45 42 139
25238
62 6 116
-20393
14 53 45
-7232
40 68 796
49706
24 30 39
4453
30 14 329
19580
18 39 270
40098
9 69 1366
8687
54 20 168
-23923
38 63 234
-32817
6 33 2
-40812
64 4 1685
41358
52 31 2246
24757
13 7 925
39116
26 3 2177
30015
10 37 964
-11523
26 38 1968
16007
61 59 104
-43692
66 0 1891
9151
35 54 50
-38626
50 14 61
11473
23 54 220
-39643
43 58 6
-312
49 9 907
30316
10 45 1283
-7771
22 23 229
-2921
4 51 589
29132
45 39 970
-2
33 12 594
-29700
45 14 28
20820
60 51 187
-44537
13 31 861
26153
56 50 2462
32121
33 18 191
21717
47 68 606
-25596
40 55 54
24822
34 26 65
-18146
49 23 40
39356
31 48 731
22297
59 59 66
36631
0 4 1168
-15048
5 38 2047
7908
38 7 37
38759
27 17 424
40041
53 44 460
-36317
5 54 2
-49521
28 19 410
-11963
50 11 550
-20544
48 48 440
-18950
59 6 1015
39830
65 16 14
16838
49 45 654
28101
36 6 806
5022
17 32 893
7484
47 40 52
-46877
51 53 135
-44647
17 32 13
41264
66 36 687
34523
42 5 1081
8835
69 4 388
-23299
62 67 161
28438
65 66 109
-36387
21 41 198
39380
40 23 2032
16028
34 52 27
-44014
19 7 200
-43667
27 11 304
-18094
23 46 145
38844
45 42 12
-31135
44 24 1978
31429
20 22 893
16007
17 38 43
-40215
45 21 204
29015
59 17 286
-37588
1 48 520
-12054
11 35 262
21071
42 3 97
14364
23 61 539
17515
23 50 978
-8483
46 20 459
15418
24 64 1199
22297
27 69 1652
41368
16 66 311
-22542
23 22 3
-49024
47 46 1367
-1795
69 44 1057
1957
14 15 83
-35716
49 1 3433
24996
13 61 103
39380
31 62 201
-42013
48 25 82
-39495
17 17 37
-46150
55 43 513
32264
53 49 165
-43815
49 69 7
-21794
68 36 394
-27625
4 6 10
-36771
53 59 5
12023
19 37 65
-25449
38 28 244
-32088
53 13 239
7065
64 25 38
-41518
56 25 2000
30242
69 56 10
-43599
41 26 191
-10904
65 24 66
12094
19 36 276
-28431
38 47 213
-35315
50 27 371
-7602
39 19 32
20746
68 26 12
-24704
29 20 59
-39627
60 63 291
20968
15 15 158
-30348
50 33 387
33221
37 19 743
9158
50 58 135
-20393
61 22 170
-11340
25 19 434
-2884
65 20 544
-24398
42 48 276
-19870
25 64 608
-1548
40 65 1870
38469
52 29 325
31207
25 51 1764
-3039
16 23 3
-35559
28 17 55
-7232
17 50 714
46178
60 51 429
-14356
18 39 337
-8496
56 64 324
-21434
37 55 214
-8484
39 14 6
-44060
67 26 12
-46776
51 3 336
-42199
32 61 157
42625
4 45 36
35244
14 60 1049
21838
31 10 3222
44719
29 66 191
12324
17 41 2176
32506
22 59 2653
45538
25 36 2486
26140
10 45 90
-5237
25 49 496
34424
17 68 375
-32811
5 33 966
39562
42 40 88
22443
66 19 3052
23395
11 32 934
31175
41 9 1001
-22676
5 10 76
461
31 26 1292
-9001
59 48 807
46178
56 3 677
-8913
42 44 687
25555
35 15 117
5329
50 60 2
-36336
2 6 1677
-1635
43 68 221
-32210
21 64 867
40552
47 28 70
16037
50 26 135
-42892
60 27 65
-38539
63 6 80
-39327
32 2 99
-30423
29 24 183
20033
39 15 71
18227
63 66 1309
-3640
63 1 1876
14921
53 21 996
36716
48 11 367
44819
67 62 82
8441
46 40 1200
-10878
7 14 188
35379
67 65 332
-39627
26 32 90
-6661
48 36 183
-26245
18 46 504
-14951
35 25 1068
19592
45 25 174
-35694
66 20 204
-11810
5 31 49
-30157
35 37 483
11674
56 58 183
-26437
3 17 380
-22794
58 6 13
15880
1 19 50
2185
46 63 258
2502
15 9 108
-29762
50 62 430
24251
47 46 129
-10155
8 67 344
-33195
2 11 69
37145
62 42 180
45302
18 6 1681
36119
2 40 483
15739
7 36 176
26170
61 7 9
10426
17 39 333
-37554
17 37 711
-14473
14 20 324
-24376
39 49 117
-8835
31 26 27
-36073
55 37 81
-31691
29 35 1898
6380
29 9 314
9684
13 49 2356
17183
65 63 420
-22290
9 23 824
40195
61 8 464
-9175
39 2 248
-1062
10 25 1888
33874
21 23 94
-5531
46 40 72
-37932
0 21 1810
13162
0 15 62
29772
17 65 790
-18522
36 33 174
-1795
56 67 1109
47644
7 38 377
7219
33 28 489
3160
10 31 289
-5208
6 67 1341
6426
53 65 820
3039
3 2 578
194
57 69 2
-41685
15 10 1032
31429
39 25 396
-33386
7 40 1889
5605
41 58 25
-39210
47 60 130
-24362
9 14 73
1222
65 21 2041
37574
21 59 256
-31681
21 14 951
42012
16 57 2645
45181
8 55 848
-6685
45 19 17
-48102
3 40 230
7261
35 13 313
-12595
20 67 560
-1795
29 5 585
-10904
29 33 3035
36403
11 17 7
2185
3 57 859
-12040
25 24 157
7260
38 28 1750
26499
31 26 124
-45052
67 39 675
1202
40 49 1360
-772
12 25 10
29406
67 52 140
-22290
68 16 74
-25395
8 3 418
-19939
37 11 941
-25836
25 27 7
-49521
0 37 523
48999
68 16 373
22129
13 29 44
-45970
43 35 78
-23189
49 58 564
29717
63 13 785
49093
46 34 191
45181
57 15 317
-14524
0 23 65
-37785
24 36 228
-3923
22 40 21
-22818
56 46 665
23786
27 59 417
-19505
64 32 72
24009
25 4 267
28465
31 19 153
-20544
22 22 262
13162
24 37 29
-31191
21 68 378
43784
16 51 73
-24267
2 43 144
26434
20 0 294
-35969
10 56 854
28528
67 51 746
22051
21 49 501
2309
53 30 1560
43758
15 52 485
-25428
22 63 170
-33739
5 64 438
-8673
35 45 11
43160
61 24 2174
8771
65 5 3
-319
35 7 315
194
31 35 1073
9735
40 27 125
-38441
42 6 138
29939
65 14 34
-18837
56 16 54
-35307
64 42 1
-49967
41 14 1098
-17595
18 15 648
1653
39 67 274
40485
34 35 127
-29947
60 15 63
-30253
38 8 418
-23549
65 47 60
-38441
36 31 270
48622
24 41 226
48216
4 68 3156
31901
1 61 55
-32226
15 64 51
-44676
16 33 355
6741
5 26 50
-32315
12 35 2263
27938
25 55 1247
-5324
19 61 522
-150
54 36 15
-49665
18 16 859
32063
68 18 363
1517
35 4 4
-44179
25 56 917
29342
21 19 196
-1732
59 50 905
5677
32 69 478
-591
51 39 19
-15621
22 40 804
24223
42 40 155
-22494
30 63 185
-21317
68 29 12
-13591
13 69 372
8775
66 5 607
44150
56 36 64
-2770
66 41 2086
9684
28 56 75
-7771
42 17 37
42705
52 30 31
-45226
45 60 162
-26240
42 31 471
-17277
55 35 350
-20393
22 6 259
-7934
38 41 739
38066
52 68 296
6291
58 61 2137
42622
19 5 988
-2135
43 52 26
-20627
10 5 746
-11306
67 6 295
-38812
53 23 8
-43195
35 66 806
41692
61 42 1745
36215
66 9 704
19880
50 68 614
9596
16 10 85
13407
42 17 1645
31633
65 66 1074
9596
7 26 467
-2
46 50 1550
1957
65 38 911
19948
28 43 712
27258
24 49 57
18766
69 57 680
17841
18 33 1302
33060
46 20 212
-7036
41 32 796
-12436
58 51 659
-17595
0 52 2043
33390
22 11 452
8687
14 45 10
-40215
7 21 43
-5227
26 12 1131
7183
62 56 1603
8547
11 38 532
20700
40 12 232
6781
26 52 43
-48017
5 69 779
-1934
38 42 1908
44341
7 9 461
42613
69 22 1380
9685
27 0 202
-4797
25 64 165
-38414
56 66 155
-41555
5 12 113
-28849
16 33 951
28220
15 69 3021
12913
23 44 30
-36831
58 22 88
29845
2 12 828
-4236
4 42 104
9151
1 53 469
-9079
55 56 318
-22629
1 58 560
-25287
56 26 183
-582
25 46 162
-9549
64 39 160
-34803
27 40 270
-19759
9 47 6
-48696
10 28 1921
37726
61 29 3614
47972
55 68 228
-9012
6 36 3048
41653
54 1 9
-48365
27 6 1114
34523
68 2 3978
49714
42 41 1165
-7542
30 7 328
21538
43 25 31
-23469
5 52 51
-30245
6 3 1557
906
10 34 23
-24386
9 20 20
-27735
26 67 635
43735
46 20 29
8830
27 8 278
-33988
12 1 25
-47326
13 68 540
-2770
33 30 376
16526
10 69 197
-35054
1 34 314
-18758
38 26 999
20233
27 14 976
19156
55 53 878
-12197
26 1 1167
6595
65 26 273
-36806
60 32 3541
41122
38 11 1634
18522
14 22 415
-17201
8 41 68
-43185
28 20 201
-36741
51 64 1971
43471
15 48 1109
11127
18 19 568
-9485
43 10 42
-47469
31 62 288
-38995
11 22 1201
-11161
23 23 1
-25824
53 50 287
32506
26 67 353
-5579
24 62 797
-4667
24 0 9
-49516
34 35 658
27794
50 38 761
-26179
38 27 21
-46731
25 56 13
-24157
43 61 1275
7219
35 10 40
34400
42 2 504
-28457
37 30 387
-25905
13 7 133
-45970
55 51 1049
2605
67 6 19
-43366
45 50 95
-46026
49 40 717
30822
14 35 26
-20352
4 13 1252
23248
26 37 42
-10132
10 32 691
-15235
62 35 232
-42021
41 49 522
-27921
9 52 689
34685
40 20 441
-28626
34 58 158
-26963
13 14 75
5432
60 61 183
13665
24 9 724
-1548
61 61 26
-8650
42 30 945
17298
48 49 133
-40136
28 55 477
-37538
69 1 150
-45106
14 20 1029
-11017
16 45 124
-17884
63 62 1211
5329
24 29 167
-9770
32 38 338
-17553
64 45 699
-591
57 37 412
-14047
20 34 465
3039
14 0 82
20213
17 4 738
1249
14 53 49
-42776
15 24 1964
8736
7 26 292
-2349
51 7 579
-29032
51 29 42
-29530
57 39 2129
13125
1 65 187
37410
16 52 103
-42019
56 45 336
5939
63 25 30
-44537
11 36 164
21085
64 4 542
44820
66 28 21
-46737
46 26 206
-39203
6 10 2635
46469
25 47 15
-40381
7 0 2447
18496
19 61 1201
19077
23 31 363
-33261
64 9 89
-9163
41 57 177
-23968
55 16 2105
48761
7 10 350
34531
36 30 41
-18365
2 2 831
16098
38 49 16
-46604
68 3 189
4839
7 66 1106
49415
49 38 339
49698
13 32 953
2788
26 41 2596
46763
22 59 3032
44957
11 45 34
-40110
6 4 139
-16479
6 63 93
-47574
9 27 269
41264
43 32 1185
31116
22 41 454
12314
63 28 53
-48145
24 54 1403
32366
67 56 272
-8496
42 35 1970
11998
24 43 1252
-7777
28 1 118
-5213
50 21 14
-42117
51 42 999
45545
34 40 1352
20469
43 46 1627
33320
23 21 108
24118
19 44 5
-31458
41 40 195
-39327
26 65 13
-29109
37 50 54
-29266
57 7 136
-4273
50 34 1022
-7077
18 19 93
-27559
57 65 1
-42685
24 36 294
14575
41 1 19
-1492
6 47 1929
29433
2 54 946
20119
57 24 19
310
20 60 140
-6662
31 68 81
17982
51 22 4
-48385
7 24 118
-36387
14 47 344
-14704
33 57 156
43119
25 49 72
-39541
34 17 1921
48930
25 57 1022
8736
3 26 50
-47899
55 3 340
29717
37 48 55
-42628
55 56 1
-10997
60 7 4
-29128
66 7 3933
40437
27 34 1254
26922
32 46 1823
41692
50 66 353
-11506
30 53 527
-17595
8 10 5
-38752
19 45 21
-25501
40 64 687
-12612
26 50 1504
2266
21 64 287
40675
21 68 34
-39050
6 26 1461
43940
52 64 1518
32121
20 32 307
-32811
30 56 58
-15532
69 34 141
5187
9 55 967
44951
69 7 818
39591
31 11 222
35994
23 21 688
20677
39 59 11
-9499
7 1 725
45046
52 26 536
-24386
13 11 2659
25709
53 13 151
38119
58 36 1663
-10512
38 11 253
15418
14 30 73
-23473
23 21 342
3039
35 13 81
-46776
50 59 92
-46731
16 6 1915
19592
5 32 969
25239
44 63 2375
31935
49 56 344
45043
42 36 111
-45106
56 10 734
8536
14 68 962
-12798
1 25 563
28586
44 13 444
-20113
17 68 1041
14896
43 23 646
44815
6 41 1000
-26603
20 7 1619
24358
54 58 289
20746
55 7 36
-12921
57 11 308
30790
64 24 565
-13318
53 38 1257
10077
6 32 2082
25280
23 58 706
7853
13 44 239
-21500
56 12 41
-26496
59 33 44
-27735
53 4 905
24805
64 27 444
653
64 39 45
-41685
67 17 926
41573
8 22 1564
30039
4 34 418
-23274
37 0 471
-2349
6 48 97
8857
45 9 93
-16052
20 18 244
7225
43 20 2022
46925
65 33 74
-48567
21 58 28
-47596
20 14 178
-8649
2 12 850
49685
13 6 4
-41568
2 55 248
25718
26 69 281
-31191
30 49 725
-26507
65 14 2154
15867
29 20 1464
30992
66 46 1037
-11161
10 36 261
-29941
10 6 51
34410
20 50 138
30218
39 65 1097
44978
11 0 49
-42223
9 18 1415
-1219
52 41 1833
31901
32 64 2
-44073
30 35 220
-5832
66 1 55
-47933
65 66 76
-35882
33 20 176
36759
45 27 862
14167
22 50 5
-35767
40 35 30
-47180
52 34 755
-1268
5 5 94
23050
56 56 125
37631
39 42 291
-34397
20 23 522
42233
16 4 72
-19505
60 63 174
-18805
13 17 352
20956
30 52 921
21514
55 68 59
20085
7 25 368
-24613
25 39 83
-1239
13 47 1462
39591
9 37 844
6063
20 50 442
-30534
25 31 61
-7611
27 20 100
-22548
1 68 413
-20544
4 15 15
-29388
64 66 355
8132
31 22 589
-2203
34 46 72
-26829
24 10 565
55
50 21 66
10654
28 23 274
-17553
7 55 690
-30340
37 16 38
-37924
33 3 655
-3947
6 42 196
-39050
21 23 62
-8166
29 53 490
-20397
50 13 1074
25374
38 30 499
-29693
56 6 112
-15235
36 18 730
-15275
31 22 48
25555
13 13 795
6919
31 18 47
29709
38 35 213
-39052
29 60 51
-23214
0 41 185
28272
25 32 8
47859
16 36 512
-36487
64 43 369
-39920
69 57 1166
43119
49 15 114
55
37 67 1271
27933
48 43 200
-33386
42 41 97
-27075
27 40 967
34149
19 9 508
-33084
2 61 81
-47727
36 46 68
39380
27 22 107
1494
46 19 430
-27657
62 57 904
42294
7 56 1440
16007
60 29 194
27938
48 23 388
-23549
7 38 1260
47488
43 41 419
-3479
65 35 1480
-11207
41 2 112
-5473
2 64 1835
37398
21 7 10
-49671
16 55 373
44792
27 23 246
37410
47 44 2687
46304
54 45 887
34568
49 62 593
-3817
23 16 283
-4243
11 45 77
-1986
25 38 283
19082
59 39 197
-20899
14 31 367
34989
34 45 49
-43667
39 49 781
42190
43 44 1200
40311
27 46 154
-11749
46 58 218
48216
49 60 39
-4041
35 67 3764
48786
22 45 104
-33018
32 64 32
46809
34 55 985
18574
17 44 143
38615
39 36 1292
3441
33 27 101
-36336
39 52 641
-30268
13 62 1011
-8673
22 66 1241
3647
55 43 255
25088
36 68 474
-10723
69 45 682
33008
52 62 349
-28389
55 66 632
48786
56 10 185
-34206
5 14 1389
1795
15 52 728
6291
25 50 55
8687
9 58 81
-11134
66 51 240
-40570
62 61 490
8059
31 41 1989
20358
60 14 260
-10512
27 69 238
44256
37 28 171
12324
42 27 5
-39883
50 32 131
20131
38 23 47
38093
66 57 81
-20627
24 17 2537
23548
8 31 79
33314
38 15 35
29568
69 11 1197
49549
65 22 833
39591
56 13 55
-26496
34 27 477
13941
5 10 418
-32218
17 21 12
-42690
42 41 1337
34228
37 20 135
-9029
50 57 373
-21731
52 3 560
20190
35 36 905
1656
13 43 3180
36580
24 19 984
-25520
17 62 33
15886
5 58 175
42186
49 28 581
34859
0 19 1163
36749
33 53 1902
18718
7 14 46
12119
41 31 680
17477
50 56 325
42080
61 48 142
-11997
19 60 40
44957
63 40 326
-8673
4 40 417
2884
67 5 231
-24849
19 46 1191
34192
3 69 2431
12851
3 49 920
20163
59 7 1475
44440
35 44 128
-7638
36 7 682
-23868
34 61 386
-10134
54 25 154
-24254
53 44 219
29406
44 27 192
22336
56 6 1137
5271
14 8 93
24822
10 23 115
-41845
10 47 59
-17341
28 57 929
-15612
61 28 2634
25709
68 67 677
17956
7 20 173
-42744
32 30 53
-23144
21 15 1209
251
42 37 412
35356
16 53 705
-28642
38 17 2590
29009
68 60 437
-13888
57 55 69
49940
7 20 1041
36815
51 1 700
46925
6 59 233
-23503
64 62 1569
24956
31 28 1620
38759
15 20 291
-30340
55 12 13
-47031
9 58 729
37574
49 29 1701
819
40 27 167
9955
41 8 2337
12119
33 18 599
-16941
51 10 166
-8282
10 20 50
-12000
21 3 846
46341
19 55 1449
2078
42 41 1044
21503
62 5 389
40507
67 21 243
-32218
69 23 9
444
13 27 285
-615
21 53 274
11724
8 43 224
-11132
53 40 1534
1560
35 28 127
44785
52 10 312
11169
53 69 1454
47744
12 12 67
46809
31 67 751
-1233
34 6 230
1932
19 49 618
-22799
48 35 9
-38202
54 27 395
16007
14 6 408
-28653
31 14 60
-40637
10 60 388
1533
14 19 2
-8166
56 0 3118
48735
20 40 1925
46697
29 45 1425
45823
42 20 14
-23915
25 0 115
17352
39 46 353
-14021
26 53 2032
23973
66 34 577
14307
18 44 202
-30423
62 39 155
-24934
59 19 113
-28215
38 39 198
2518
40 60 3499
49549
7 49 119
-35694
22 49 269
7297
43 68 3025
41028
66 21 68
-31301
65 69 321
-22799
2 39 19
2508
39 19 3140
25056
34 26 822
15006
2 12 662
27925
22 6 2497
13322
3 13 1820
42094
42 37 38
9391
17 40 204
-40536
5 6 1
8168
5 44 22
-45945
51 66 894
-12197
18 26 5
-49590
47 47 41
-41051
68 8 27
-45016
47 2 45
-5213
31 29 288
20131
67 69 2090
40507
45 47 139
-26507
55 53 391
-28170
45 15 256
15380
69 11 732
-24386
52 4 63
-9126
31 54 905
2309
35 32 242
20330
0 31 70
-21999
31 38 885
-27175
21 61 2959
30379
23 28 6
43474
15 45 14
-11151
0 44 2030
33748
36 52 25
-36393
12 63 41
26511
3 50 1566
48930
12 62 326
33035
10 26 64
18323
28 61 891
44815
42 44 119
-33045
19 35 838
14896
20 43 75
-20454
12 16 4
33736
20 69 26
-1233
11 29 1768
46284
32 48 942
15152
10 35 156
38483
43 6 141
-4078
38 38 221
5404
36 66 1480
27768
53 22 31
27289
46 38 229
-27663
16 27 133
-44279
29 26 220
12989
38 5 1495
8307
37 23 1152
23093
56 9 56
-26963
30 15 1479
7228
63 7 178
-38406
64 28 17
-8798
64 20 1115
32153
26 3 753
29133
37 14 21
7290
5 16 18
-24727
68 56 226
-40077
53 24 1663
8990
30 63 2362
16337
28 19 329
-34930
64 51 982
-4492
33 14 567
-32622
5 15 250
10361
68 15 71
33437
33 2 38
46557
65 24 1743
3193
52 10 498
45181
49 36 102
6718
27 16 804
-20689
50 51 65
-28034
54 46 485
-25491
6 11 9
-48667
50 29 464
-37418
49 46 1251
44109
68 57 1216
22529
63 64 153
-42455
18 14 97
-1622
8 8 128
-32088
2 8 118
5404
62 34 18
-13521
34 62 643
-15494
64 58 193
-18309
16 8 996
22069
29 49 56
-40536
27 9 292
-30205
7 31 677
29282
29 7 470
39491
43 57 1622
46167
53 21 24
-34182
61 51 45
-19552
68 3 427
-10997
11 11 147
-34403
39 34 1040
49341
52 50 1759
39714
10 68 47
28526
55 45 32
-42698
50 43 965
6889
20 4 764
29366
29 9 97
28159
28 19 78
-15690
13 24 3436
49891
26 63 375
11069
34 14 2099
33479
58 8 46
-40650
57 10 318
9151
42 15 367
-2145
54 59 131
-43195
37 17 74
-32576
31 17 822
13258
52 26 465
49979
26 67 84
-42863
63 30 83
-35793
69 66 74
-45224
29 41 4
-16887
16 40 962
-8114
61 38 208
-36603
40 68 38
-42515
44 40 1439
-17125
18 8 141
16007
58 68 48
4917
22 60 367
9109
56 10 3
-39819
65 55 8
-38406
21 41 45
-41051
39 42 339
-2946
66 66 22
-48943
52 10 729
-14972
22 27 86
-46032
35 54 6
-9722
29 41 293
8132
39 11 2078
5767
8 0 2
-48634
62 6 474
-34283
0 49 203
-20550
1 26 68
-8317
11 53 254
-7638
62 56 813
28422
49 10 456
-17179
4 47 655
17608
0 39 699
-2402
33 41 47
-22162
23 50 1309
12989
57 38 192
-31185
26 55 55
-43143
13 11 146
-38263
30 30 83
-44602
16 67 65
-39693
21 66 2750
29206
60 19 553
-24704
68 55 313
39382
42 52 775
-28577
11 48 16
-10827
6 44 1291
26182
12 49 2158
42104
55 62 2438
36607
47 59 1525
24110
54 51 189
-21881
5 64 111
-9163
48 24 123
-46072
33 19 91
-14241
64 44 201
-13218
12 16 192
-21095
60 59 1077
-5531
25 3 87
-12583
11 48 549
22652
32 32 1
34531
44 26 803
-12294
67 5 120
3441
29 14 625
13248
35 5 127
-43359
36 62 2149
2057
45 44 79
-17267
8 51 24
5677
24 63 76
-34395
69 9 31
-46151
41 64 19
-36661
3 23 1099
14231
15 33 711
16161
66 41 7
-49094
4 32 41
-32227
39 32 82
5709
20 8 163
13916
29 40 644
-24213
55 1 1977
46927
24 60 850
20402
35 25 404
26121
33 12 2229
7003
25 9 725
19001
39 54 262
-33523
60 1 558
15668
15 23 3
-11031
45 44 236
-2635
1 16 1198
12027
19 1 1597
38884
59 35 17
-48712
23 9 521
-22333
60 21 27
32372
7 22 192
-38205
18 64 50
-48017
10 14 1129
6380
46 30 450
21330
47 3 2328
8715
14 5 154
-36119
55 67 509
-19730
45 66 65
-48715
60 34 290
2115
8 20 47
20150
63 6 289
-10316
17 18 273
15044
11 21 2434
49096
14 61 777
38065
13 50 2174
22340
1 20 1558
16101
17 27 2374
28464
59 67 1383
-3661
39 60 681
-21370
21 27 467
-13663
63 49 442
-33376
40 51 418
-18837
11 35 263
-30774
49 63 824
-26876
57 17 871
2680
49 58 2364
21104
65 3 317
15668
41 56 30
-13859
46 56 317
-38406
2 16 213
6953
39 40 44
-48916
23 44 556
-18096
67 27 118
19655
10 25 15
40475
23 65 20
2508
40 62 512
12190
35 22 192
-42766
9 2 202
49093
17 20 65
-45001
34 69 2633
32234
17 57 343
-6464
3 33 441
26182
41 56 237
-19400
46 59 2832
39459
16 16 138
48694
63 36 167
15710
36 30 87
-18950
28 42 3
-41988
15 17 1224
9059
58 17 608
-19958
5 31 402
-40716
23 28 384
28089
52 64 1275
6224
23 32 19
-42163
22 60 2358
31103
66 60 224
-16798
60 11 494
-12054
14 7 74
-22856
56 58 2
-27255
53 38 277
-19345
38 64 94
42424
48 68 2160
16603
29 2 35
25178
54 8 1136
350
47 42 1478
34130
52 49 61
44687
16 6 20
-49199
50 66 363
-32125
36 57 43
-920
45 47 1192
49979
1 28 10
-20325
1 67 3429
40627
61 35 34
-40013
37 9 321
21071
21 26 2030
-8835
60 33 458
-38687
39 56 662
-22478
24 22 224
-28215
22 29 362
11029
27 57 730
-24691
0 11 237
-9563
48 50 129
38641
58 49 941
45952
22 44 8
-49212
55 7 283
-9768
34 56 739
-26272
56 40 731
-9560
59 35 234
38483
50 46 3333
28011
63 68 124
31845
53 8 519
29282
56 65 10
47273
12 63 1071
-10691
17 60 1830
20153
11 69 933
24494
35 60 899
-7542
48 49 3066
27873
3 38 1022
-251
15 56 1812
2087
8 58 564
16442
67 37 219
17982
11 11 454
-29235
36 68 173
49891
38 42 4
30148
64 56 360
8282
5 30 163
-43578
6 64 241
-6891
58 13 353
44820
35 60 2056
32264
27 56 1197
-18783
47 23 476
13576
55 43 258
-18522
25 30 866
23050
16 39 354
-33157
68 10 75
-45001
19 43 825
-4347
25 1 538
-2946
10 3 27
-42714
35 21 15
-48696
62 25 869
-1795
9 38 61
-42009
35 68 28
-21419
28 10 815
-18805
30 46 6
-23547
22 11 1686
35913
7 65 196
-43113
40 66 24
-27905
48 37 258
2364
49 40 32
-21668
63 39 1771
48694
24 9 310
42190
4 2 16
-35322
62 50 360
-31402
34 63 32
-19870
9 40 466
28101
45 19 703
21810
43 64 21
47440
31 27 615
19078
22 10 563
30742
37 4 190
-29721
27 65 120
-32401
33 41 1538
41052
49 66 20
-37274
19 59 212
-23538
41 65 12
-46951
7 48 1703
35356
60 15 6
-21173
34 10 1
-48943
9 13 1059
44731
61 58 10
-39782
32 23 182
-22458
55 33 1215
-23062
32 32 144
-7834
51 52 685
-16070
27 34 503
13591
2 27 2084
9894
30 2 763
24733
64 58 123
-7077
37 68 128
25258
33 68 1058
-4673
18 2 195
26170
59 22 10
-12634
14 59 1021
31842
33 6 41
-12464
41 30 705
6953
34 22 925
45190
17 23 201
-24306
50 37 272
-12294
61 24 232
-15913
42 10 6
-45894
0 60 74
-43366
69 51 179
-44279
15 4 1641
-9697
14 10 4151
37309
69 46 2284
15418
46 54 1558
10952
21 28 130
-39210
38 5 254
-33979
25 52 71
29912
54 41 259
2364
10 38 274
-35194
0 2 70
-30989
2 39 206
13258
49 29 439
757
9 2 365
14248
61 51 1415
21162
32 6 2659
33262
38 15 48
49770
51 59 900
9021
30 53 348
-8899
27 11 362
-2977
30 32 600
-33274
28 55 8
-41429
15 14 500
-30311
37 9 702
6909
30 64 1546
23873
51 5 49
-3435
15 20 1778
43735
54 61 427
-7024
1 69 14
-45678
49 38 199
-10155
51 47 111
-13898
6 23 102
-43356
16 54 614
-35134
27 26 280
30111
21 57 57
-38956
13 54 93
-4788
1 1 49
-36119
5 46 42
42560
64 9 1773
31413
58 47 286
-14996
60 63 347
-7834
30 12 1032
-13746
16 34 699
25178
52 36 1038
-15999
52 31 871
15418
45 18 144
-33115
33 10 1393
30779
0 24 120
-18734
44 69 1366
-11052
10 54 1012
48098
36 27 78
-25501
64 30 30
38093
46 4 685
9391
14 55 573
16007
20 41 1846
40186
10 3 110
-40381
44 17 327
-20693
13 49 42
-9163
40 41 431
27934
13 13 1013
12398
64 43 413
-4840
65 21 2103
30832
64 51 1954
7716
45 9 271
-27255
59 11 1084
12056
63 22 772
-16653
14 4 2976
38611
16 20 422
-7763
52 23 300
44853
66 27 141
-12190
34 56 197
-6642
62 6 1008
39382
48 42 533
35244
43 48 114
-8650
55 50 1349
24201
61 31 1420
47972
61 55 46
-39618
47 5 1338
1249
27 38 259
-20568
37 35 1840
129
0 24 4088
46701
15 66 104
-44503
48 41 43
-35559
57 68 25
-22856
15 46 2213
-1090
25 19 43
17352
17 0 131
-29771
44 25 680
-16479
60 66 3
-49613
60 48 78
12398
64 42 208
-39920
28 8 730
8168
33 13 1206
22639
14 60 259
26038
65 1 963
34816
35 6 753
-6749
47 61 802
11029
59 7 1893
24193
54 50 241
-22145
4 53 32
10870
17 68 2234
44440
22 69 161
-31691
38 46 396
-11091
52 44 16
-27382
30 62 861
28639
30 20 156
10426
7 66 163
32621
60 69 420
48198
67 2 147
-1795
52 9 197
30383
34 1 131
-34348
0 0 282
-23259
6 18 372
35235
38 40 108
-866
9 59 602
17141
51 6 278
-8913
53 59 462
3984
36 24 2356
8536
41 56 128
-26656
3 60 513
-18573
35 38 33
-30546
19 55 11
-37789
4 46 67
12436
4 5 796
38040
16 8 3048
40721
41 17 196
-41409
29 15 250
43046
13 20 206
-17716
29 3 1729
4377
28 64 746
-9408
47 54 251
-18805
13 63 184
5243
3 7 1442
22458
44 2 3529
46178
50 43 170
35679
57 15 85
-13318
61 28 1559
16072
9 12 348
-37099
19 14 382
-11202
44 45 1441
22576
3 17 219
45545
38 2 13
-16712
44 13 136
-30815
38 34 552
7519
23 13 1189
-19096
44 40 2661
10077
33 23 72
-41180
31 53 552
-27253
59 46 40
6032
8 19 479
33736
17 8 249
-21317
45 66 37
-11906
11 15 891
-4840
1 32 412
-32778
37 67 731
-22611
33 14 21
-11701
42 6 204
-249
51 40 6
-41409
10 66 1097
20851
12 20 244
4595
50 48 1799
2337
43 43 403
33008
29 19 927
-10524
13 24 8
17462
9 24 903
41264
48 54 1330
-3995
23 46 602
-13808
41 16 18
-9464
63 5 2376
24764
48 43 904
-17595
52 69 515
14039
61 36 136
-14911
3 5 1028
12190
34 36 112
29118
20 51 29
-41685
34 35 15
-29762
30 1 26
-29404
48 46 51
24847
48 44 123
6376
48 49 1765
2323
53 57 3208
41250
1 38 1
-49211
21 44 115
15886
9 6 248
-36690
10 63 10
-34629
45 52 259
-38414
67 46 1816
22077
25 65 777
-5948
9 2 2638
46469
0 58 673
8771
42 48 2252
7124
67 25 397
-23902
0 64 85
-36806
15 14 110
32714
38 28 333
-2402
35 18 837
-15684
9 53 1294
13385
67 48 1195
-11791
29 48 522
29995
48 62 59
-32125
59 39 54
-41585
44 40 44
-40216
9 40 283
-9128
51 7 71
-27087
13 60 29
-38344
26 11 146
-9563
62 19 206
-4096
25 49 122
24201
63 60 128
-7024
34 49 2387
9570
13 25 674
-6018
4 10 745
202
32 56 294
16838
38 14 193
-43317
7 20 832
-18837
30 54 920
-22847
29 38 197
41525
60 42 263
17529
62 48 731
-23780
18 44 2750
42779
27 5 48
47859
62 60 1338
2788
62 37 75
-45224
12 3 83
-30009
2 52 2957
35183
53 49 547
-26179
5 64 135
-27868
15 24 2677
29717
55 28 353
-27087
59 19 810
-5882
57 26 124
2436
36 46 1004
33408
36 64 469
38220
32 33 142
-21165
19 66 618
-20073
57 64 7
40027
57 9 1048
-8649
27 17 203
58
51 54 1988
47488
24 65 1753
38148
1 21 131
-5324
15 47 173
-25905
25 41 48
-21865
52 33 355
-22494
22 50 953
39380
39 6 1793
20402
44 32 360
-7548
3 17 224
47415
5 15 2207
22846
60 56 1556
-324
61 54 616
3397
65 45 89
22652
21 38 381
37919
27 13 2308
14309
11 62 1446
-8590
8 10 66
44543
56 7 328
-24157
61 64 147
-1973
62 30 239
-24303
38 68 2361
23952
69 30 182
11090
0 55 353
12190
23 61 106
9469
26 58 314
20402
51 55 154
4669
34 45 11
37145
30 26 16
-37588
41 54 71
-13218
52 9 9
-49516
42 19 342
-38555
2 56 285
16723
22 59 56
-29266
62 44 383
444
7 3 930
-12292
53 8 25
-41518
7 64 648
-24838
47 31 455
-11740
62 5 1477
49772
66 37 3587
38713
3 6 2280
48351
19 13 9
-37160
36 54 399
-12287
2 9 728
10569
64 15 494
46089
4 66 263
-7546
29 63 1972
39767
28 14 1498
36045
25 44 8
-43875
22 12 1356
16688
51 0 156
-29128
36 68 825
-28039
20 29 1240
21233
20 14 911
-17267
22 27 431
-33507
34 12 407
-22676
11 31 515
8771
35 24 420
27622
27 37 571
49979
41 32 21
-44116
43 44 898
22069
41 19 88
27049
36 29 378
12788
37 23 421
-13441
28 14 467
8059
5 52 1281
10538
2 22 223
-1739
50 35 541
-7583
33 61 784
41310
63 46 261
49036
17 61 157
-29835
3 32 73
17922
15 27 696
38710
9 4 378
40186
32 58 1098
30822
61 2 367
-36050
37 3 119
2508
11 67 1723
27369
64 49 113
-37048
46 47 74
1795
43 39 183
36832
2 63 364
-14409
60 24 2633
47595
62 69 179
17529
17 39 347
-4941
20 7 1976
-4656
7 26 791
-5227
25 11 505
-26448
5 54 774
9158
67 66 274
31669
18 2 93
-44179
9 31 206
2884
53 35 291
-9079
63 44 325
3736
48 69 288
-30423
61 46 12
-26346
65 21 147
-26362
27 2 579
-32527
5 14 397
5709
6 19 349
12324
14 16 1
-39083
43 14 108
-5474
32 42 601
5480
50 2 284
-1795
12 37 60
-37420
23 54 323
23150
18 26 371
24220
15 63 715
36832
66 56 75
-38344
7 1 790
-7755
63 21 48
-23852
23 66 3720
27502
52 57 5
20358
67 20 45
-30637
18 13 96
-43815
11 55 606
15548
6 25 315
-42796
36 5 3797
49608
11 58 572
34151
12 3 922
-5550
30 28 56
-44261
35 20 39
20770
7 58 93
-22290
63 7 670
-5280
59 12 113
-251
69 16 13
20770
34 37 2545
25583
19 6 35
-42726
14 14 392
-14180
24 43 563
-607
67 63 434
-27086
60 61 725
17608
35 2 3124
23202
26 65 1128
10654
27 54 566
-6011
62 64 752
47166
28 69 10
-45322
0 15 216
-37420
59 5 616
-14911
23 0 11
-24823
18 60 292
-3817
68 30 1581
9991
36 8 367
30742
52 49 16
-28294
31 39 349
3145
38 52 892
21503
3 14 497
3527
16 45 191
-24727
16 15 378
-30594
8 30 1766
39565
3 59 36
-44087
13 50 2145
-6231
46 52 1
-45226
37 39 178
-5887
26 3 1752
27498
14 59 1172
-17179
16 10 334
-29558
55 55 240
18822
50 60 131
17352
27 3 83
-41750
24 17 1246
15710
36 49 593
11648
51 68 330
-24996
10 48 861
28806
59 9 103
-29762
19 46 3009
20851
21 35 202
-23549
44 45 2
41453
39 64 685
35904
46 53 1315
5252
15 31 1754
24783
22 44 605
-14818
33 62 644
-15235
61 34 737
-18654
58 22 1431
30815
42 1 29
-36348
26 14 581
13322
4 58 697
2356
52 25 179
-2793
67 47 785
12220
61 9 18
39236
0 38 260
-6141
23 47 873
-101
27 1 17
-17694
45 36 359
13248
11 17 2046
31181
54 38 149
23737
8 8 1608
2748
65 58 1084
2078
61 50 202
-15804
30 14 40
-47608
36 36 42
-40185
38 7 868
-1062
66 34 304
46219
25 7 758
36409
34 49 107
-41982
55 14 450
36832
10 28 2022
-2077
59 28 1598
35243
51 20 1989
32179
47 7 463
2656
61 36 85
-45894
34 33 236
8059
22 59 765
-15612
66 66 22
-47596
37 69 6
-35264
62 11 20
-25490
25 59 15
-38202
23 68 176
43506
29 33 404
-36050
68 33 71
-35694
48 19 377
16851
53 32 1119
40311
69 24 131
8078
69 40 2312
48722
25 9 13
-42714
34 4 186
30148
51 42 415
4561
26 53 395
-21419
24 11 29
-48950
24 5 2167
19073
63 39 1037
38452
32 69 1150
30353
9 1 115
-41048
4 26 789
49796
53 40 1088
41416
67 9 569
-3947
14 32 436
-18686
24 35 714
16007
41 51 292
-41048
1 26 1729
12122
30 6 133
-45598
34 19 71
-46731
46 30 1523
37398
2 46 376
4496
43 50 3684
43757
58 21 1043
-7638
62 44 594
23962
46 55 1556
18315
37 18 383
45575
11 36 1052
9983
12 61 385
12006
65 62 689
-14996
28 56 898
37919
42 6 162
-43134
51 25 88
1278
3 39 438
16442
33 45 111
-44014
7 61 507
17236
60 60 1
23959
36 14 698
43286
63 50 151
-34803
7 59 2565
15593
50 6 1219
34775
62 65 64
36801
3 68 166
24997
60 19 906
45749
47 2 1002
23274
22 48 651
-30009
22 5 172
-29969
55 0 429
47488
11 49 844
-5804
41 6 1011
-4236
42 24 127
-18734
59 55 768
28525
43 49 349
-26603
63 66 1264
49991
7 41 632
11069
30 11 381
-27174
35 15 62
-17568
44 9 198
-23595
13 23 546
7290
11 67 121
-32521
20 52 440
-20036
16 14 973
-8069
31 18 735
-15542
5 29 42
310
68 62 430
-6642
42 58 112
-36943
2 62 480
-3734
7 5 533
45194
51 19 1264
12912
24 26 1
-15394
50 0 742
18990
50 65 534
42707
51 23 1330
46469
65 10 413
-14513
66 18 1633
41834
50 9 1225
-12041
61 18 2583
45820
51 59 347
45510
65 37 15
-13017
2 23 320
13913
9 48 2117
49074
25 22 1157
32654
14 44 83
28464
31 45 166
8524
68 49 301
-26829
42 59 511
38963
8 44 376
-21999
69 25 340
-3705
68 58 926
44957
1 54 39
-44261
51 49 364
8830
5 19 984
16172
54 42 167
-40050
69 38 1183
36878
63 45 2555
10582
27 3 796
2976
6 11 384
-866
58 11 1990
23613
32 55 715
40475
41 53 1239
-18810
15 40 1538
24956
41 59 337
-36567
31 58 67
19032
7 22 942
-19034
14 11 187
23962
27 13 605
39081
31 22 239
-30815
53 21 23
-42628
3 37 1264
5660
38 61 720
2087
51 41 1329
32121
55 30 217
-5647
58 29 899
21937
42 41 117
-38572
57 41 838
7595
66 16 328
4496
31 38 106
-945
26 33 8
47577
18 15 1455
29132
1 65 682
10594
12 51 2502
43226
48 22 2845
24118
54 64 23
-21173
43 11 372
-4183
66 35 85
-5237
46 21 1571
3647
18 11 6
-45362
44 65 103
-39271
28 67 292
22625
31 42 47
3834
1 49 14
-44875
66 2 1875
26070
59 32 298
40650
32 67 33
37350
39 29 110
29845
42 67 386
-14939
56 66 158
-11789
17 64 991
-7775
5 31 3930
43170
50 69 260
-43692
34 35 1631
10435
28 27 3071
49772
58 8 16
-48944
63 36 492
15380
4 22 18
39236
46 14 549
-22945
9 5 51
-45001
21 49 486
-1886
8 46 984
7716
53 14 454
-22162
49 34 1521
41052
38 19 1085
48999
3 37 26
-49024
35 27 348
-25767
51 51 893
41070
25 57 1125
47120
20 31 300
-4650
50 54 113
-46691
13 4 82
-17212
31 3 95
-37611
19 68 341
-17635
11 49 253
28586
62 31 480
9158
27 24 2261
24776
53 15 597
11018
27 62 862
30189
9 22 2801
26499
33 28 317
-10512
34 60 900
23304
68 22 2236
22188
1 59 234
-36603
23 35 218
-30815
23 19 192
-30865
60 15 64
-36637
13 9 231
-35810
36 16 475
-32218
3 10 281
30161
25 68 35
-48649
62 57 535
-2884
67 59 1469
17147
64 67 100
-45868
32 10 1727
16857
14 1 116
-38752
20 4 2146
33172
39 41 336
-24996
28 31 1494
32164
54 40 188
-27592
54 62 6
-3307
34 19 116
8455
4 20 32
-39050
17 21 643
-2457
16 28 784
-26362
69 29 140
-6378
3 45 552
-27625
48 53 944
39588
2 2 614
-26437
11 56 319
47488
60 65 255
-40720
53 24 23
-2457
53 49 433
38759
59 2 257
-14416
9 31 467
-16430
68 32 20
-36882
65 3 666
21061
8 49 889
-25552
47 3 5
-27868
7 13 638
32164
19 60 28
18534
7 17 1514
17236
7 60 734
21180
55 44 967
23103
5 0 259
14896
54 22 444
-8090
64 4 8
4957
8 21 138
-21095
39 10 894
-19953
1 49 337
21838
66 3 409
34424
11 58 1297
7780
45 9 33
-38251
43 45 53
17877
39 2 90
-42906
60 65 43
-21012
11 67 474
28221
35 44 414
-27343
64 45 135
2976
19 51 417
10973
27 56 963
38607
26 64 26
-44888
15 24 24
-39327
1 39 575
-36477
15 38 14
-35009
11 29 831
17778
4 21 308
-2032
19 23 3
12913
66 31 536
-15048
11 25 524
26153
